41.69401939
37.71626847
40.36621701
38.01957726
38.29692373
40.18817747
43.56686900
38.36961487
42.63077022
42.77684681
39.60881240
38.37297542
41.92316963
38.04001568
43.31687401
42.57354015
46.34440209
41.76615280
42.28537717
35.36609043
40.39139829
38.65663303
39.49805457
47.97885750
41.63261392
38.74387456
38.10298670
38.44949326
40.28161671
37.10726525
41.61614876
37.01241370
40.98234969
39.56784246
42.34912282
42.55928810
40.81518537
38.53801781
40.86445846
44.48912377
36.71545605
37.69012230
40.00270004
40.99549657
42.89189656
37.34614041
39.44805265
41.93349856
36.72405439
38.08750642
40.29573352
38.55443461
39.12613709
45.52495468
40.68269633
38.39331270
38.38481879
38.86258253
42.92251650
49.08776532
39.76945925
39.27863673
47.51943632
39.59409434
45.44560507
38.93983228
40.74552567
40.81518537
45.63424416
36.30742519
39.17011510
35.14492190
45.07243394
36.57512266
42.68988128
42.32635227
42.28390061
42.53798339
44.88024257
39.03694907
39.83258715
37.99753319
36.28717064
43.12424073
35.68388916
40.82016847
50.59960544
48.70825686
37.00566481
51.29207583
38.41139653
47.91880814
40.36997897
39.23967521
44.47534336
47.36476220
36.77963044
45.40436543
45.40436543
43.84077050
39.87906589
43.12163404
36.99259343
41.13740637
39.74874462
45.77962362
43.36218571
37.98186186
38.31516712
46.86455224
43.80125735
38.88180266
35.92229094
42.85644316
38.87378658
39.83333428
45.87140768
37.91488251
40.10955732
40.99139796
43.17040028
48.13951253
39.11225820
44.26098743
38.96336931
40.97122315
45.23798334
36.52626178
37.66742863
36.84766321
36.97322948
40.61765864
46.25822396
51.66578731
41.97221108
41.28700478
51.48391075
40.27582677
42.29664774
41.10337922
40.44683612
48.81755977
36.97109855
41.16051882
45.56143249
42.93492999
44.89752660
41.96465576
36.22449765
41.24411776
44.80284154
38.66673899
38.01602933
39.84901386
38.68527674
36.26626294
41.23318430
42.12428185
41.23101121
38.66041496
47.36546920
40.95753398
36.76511587
53.46924578
41.00678308
47.15510811
42.45296726
37.76110344
40.22409419
37.77629379
48.69725325
42.70865016
45.50371736
37.02977616
42.04498386
36.92320909
40.88185484
36.79644008
38.67721978
42.14455104
38.83565881
38.12685718
42.42428719
38.12119481
38.63802315
41.82142169
41.39713252
40.53338271
37.28721735
41.07085391
37.53322205
38.83380652
44.60777792
44.95391611
38.39683858
38.75738056
37.47111065
41.26627689
38.31892675
38.60982371
39.04985812
42.34515690
38.74991221
51.26482465
40.92056782
39.91457498
39.90544626
37.68116069
41.48903347
47.39246942
37.42038731
37.04228164
45.80774703
36.05105216
45.96458835
38.31892675
37.41160838
39.38943436
38.62651661
38.26221909
44.10702081
38.83987038
41.50124018
42.23113987
46.82255666
45.13834870
40.33234668
38.58324019
36.64324688
45.47815350
38.60694846
35.99971823
50.99405142
41.59409774
41.49423001
48.03895530
45.81865159
37.95005711
46.18120796
44.74202278
38.33627311
42.90442245
38.82724658
43.29950429
35.96023302
40.28369511
39.19919642
41.83448077
44.83765531
37.71040227
39.30415241
39.54290434
36.41179109
44.64671036
40.26333109
40.28583525
37.97410099
43.73480250
42.34691449
36.57160818
49.82239760
45.07441547
51.46439238
36.41783609
38.61103294
38.02264393
44.00333272
38.85486036
37.37212423
40.17989855
40.27673104
37.35822812
43.90851318
39.00444742
39.58597950
37.15439880
36.35358394
39.58471054
39.56161051
43.72968331
44.99581212
40.57867715
45.57445990
36.92742531
40.80597626
41.88396903
38.31461750
35.70894761
36.97109855
39.79497578
40.43531542
40.26449198
38.42951267
41.99486316
36.13666605
37.12984117
41.66377066
37.06392792
45.27238859
41.26357401
39.99150063
40.44327092
39.04085997
37.67217834
41.29357627
44.31805141
36.57389034
42.68517042
45.79097707
36.07438001
48.23272921
38.64163524
36.94416411
45.80136805
40.40743880
41.29271947
38.77125416
39.71208509
38.46494468
39.58291038
41.61204517
46.73767748
41.80708500
41.87035486
41.96583150
36.86063043
45.10805379
42.04061089
42.81536616
44.38464843
39.94692676
48.47174560
39.10992556
39.88990440
41.73092391
39.62779748
46.51088676
37.46966043
41.20912450
46.90270681
42.07516759
40.03046338
43.44327850
36.73152229
39.31338804
37.51878744
42.73813419
45.29135211
39.00036488
44.87201742
37.61856298
39.53170233
41.91150310
37.36262243
41.07314157
45.40525608
36.57439140
44.41213680
38.54729053
46.01831925
45.90703742
40.87227118
40.21380007
44.88109394
36.35078562
38.38840238
38.62480735
38.22104135
45.66146210
39.92253784
38.03099537
40.62308756
46.08607820
37.80155733
38.34522017
40.90768607
36.37789311
40.28091574
36.04465419
43.23642531
39.15262593
41.95300580
37.22135229
38.80466648
39.41794064
37.43346802
47.90367409
36.29466053
43.03114276
38.62693622
39.13238673
46.84997244
40.20867001
40.14382478
49.44677741
39.63645327
35.74111561
46.20690026
40.90259796
43.15534062
42.74141353
39.83648599
39.75357185
38.32501795
40.68149082
42.36921927
37.32648978
43.37568128
42.85929061
44.51785272
40.28938831
39.81050584
41.08690539
38.09330891
38.00800443
41.33606298
39.80259272
41.69774787
37.77212941
43.27755256
40.99866141
45.00456653
36.37335477
38.42581598
52.17753040
40.47274334
43.66753988
38.39860798
40.68936079
37.43408057
44.13338731
39.91586688
41.68447568
42.89923618
40.21591265
42.49997802
37.45517822
41.27541459
40.28162953
38.15476823
38.45917804
39.03643931
42.72179126
38.35316774
41.31658450
39.78811134
45.19599504
36.09186482
36.16024246
46.17513013
38.37922892
37.06192297
41.05241819
50.40256921
37.91831994
38.06851802
36.55497329
41.12572333
40.26074770
39.33971088
40.58948115
38.45801548
38.24494216
41.70148166
38.11052900
47.86844635
35.97454935
39.91070584
38.38255677
44.11269357
38.80750939
42.51245873
45.05478682
38.82831929
43.80237735
42.76324649
39.28395848
37.86566102
37.34796645
41.12860168
42.44202917
40.66002664
41.77680030
49.32426073
40.76763066
45.20698896
37.46841210
44.35883110
46.53411290
38.17246007
41.25529276
46.24479267
42.47490053
38.20700162
41.67705611
41.79995389
46.67446722
43.56686900
37.89931684
41.78046440
48.38015858
43.39650500
39.28296116
40.01674501
37.64820901
40.14509361
39.04588736
52.31244420
38.52315604
41.33590682
40.73001976
40.58816616
37.36505636
36.61951580
42.62135427
38.24721459
38.88485274
36.73149872
39.32053769
45.75965823
52.33759230
37.50123636
41.06156667
42.20301173
37.91280984
43.04854803
37.21550933
41.55198693
39.30969254
36.92505832
38.68637257
40.13923744
46.49701594
38.59481703
41.09957645
37.78522759
40.58156054
40.25804355
44.54690559
41.23267242
36.22602603
41.57570072
38.23834107
38.07302802
39.30919338
44.08299802
42.15874712
39.40528850
37.55025696
36.05832823
54.25000929
36.98745012
41.62263217
46.15448685
45.89329698
38.32343218
39.27863673
46.77011973
44.45505624
44.95091118
45.67367535
45.21268532
43.76267317
43.33459217
42.03391719
44.41887960
43.83680135
38.66301135
40.97145353
37.09300979
43.06542325
44.22907578
44.97184842
46.06977786
39.03373406
46.30638190
38.01138560
41.18472317
36.96502589
40.70490967
42.34311952
36.16974690
37.79411156
39.15843463
35.40619586
38.83709832
35.85595180
39.00588958
41.98022231
40.09268221
39.66173623
40.78205111
37.89495019
44.28680539
46.19434016
43.09864886
38.00013673
39.92853857
37.06117191
39.55257328
40.21677177
42.07529593
41.26938825
37.80449618
43.14211098
38.50987902
43.94297812
36.84359968
45.46361463
38.21160324
43.13318088
40.81501506
47.34418829
40.20342668
37.47414109
41.73154987
44.96785849
44.45609347
42.91926813
37.89837205
39.16969589
43.40854126
45.06452787
50.18528598
40.53343336
41.83506579
47.43023247
37.62893101
41.34591400
38.54668686
35.87707028
49.28506238
40.30819305
38.53558531
38.91814180
39.42296785
36.51671641
38.24972570
37.85895040
36.77021754
36.92139264
36.25720006
42.08908389
43.18095406
38.55144395
44.73826903
42.11902554
39.38243374
39.89583504
40.51613740
42.42174532
36.44333817
36.06919538
44.15129605
41.86386860
39.34369539
39.11606795
39.20202150
39.50557107
39.88647271
38.50987902
44.21481463
39.63884341
36.26442808
46.21554764
37.88748371
39.53172776
43.12599409
36.42116024
37.75060928
40.40493420
39.06190606
36.85029685
38.78926270
42.66341193
40.48758034
37.06054935
39.40589761
37.08212014
39.07924964
40.17858530
40.05764019
46.00874577
47.57782123
44.53524320
40.65767464
37.66346666
39.92674368
44.79153065
45.25809828
40.89467347
40.07529777
48.12240104
38.31716660
36.56486693
36.27658955
40.59568330
43.15845594
37.03305809
39.78729896
43.44588047
36.11608630
38.54910844
39.23691005
36.12880831
38.26796258
47.02557575
37.26427628
52.58557226
36.54701351
40.84258673
48.28067959
38.49326465
40.00653947
38.40737289
51.90903616
36.02298601
38.49252184
41.51129470
42.24561274
37.26490732
42.60621034
41.48610320
40.38520935
39.35990010
42.62637377
47.42658333
38.55606264
38.75392607
39.73727112
36.82878703
37.22355230
37.33943580
48.27102955
37.03736545
45.42535102
36.55391418
38.31461750
51.30931080
38.71636867
41.08954734
38.98207382
37.71239094
44.21481463
37.92534523
38.43272569
39.49935363
38.85072749
38.70454529
36.88357919
39.16230998
43.11191395
36.93546866
41.52434894
42.46447862
42.47058446
41.37591113
37.12048625
50.85674752
39.18664519
39.16383512
41.80900115
38.12380484
41.78209145
40.62081816
39.54440454
37.85092417
41.58445424
38.16949835
38.93638413
39.77415355
39.47137497
44.15957380
38.25050793
43.84077050
36.55147564
41.63132101
36.64021929
39.91781013
41.07493749
40.83155768
43.33309741
53.07961400
41.72814595
37.90511396
43.72888251
44.21515878
36.80871184
41.49395826
40.40172209
38.65272191
43.56238273
37.05877824
47.01414503
41.22417390
39.07072295
42.13957544
39.72168698
39.30421957
39.74712171
52.17753040
40.48346312
44.83765531
42.00206310
36.38201670
39.82745670
45.91673738
50.51575072
43.96306687
51.83311360
36.77487302
38.50154354
37.51963888
37.11165033
38.10599496
42.29217544
39.75357185
40.43853544
48.67135436
43.27583655
42.06735780
39.97130293
43.57419929
37.81739763
38.25534340
48.65661903
39.09271998
43.64655759
41.38936070
40.24403675
52.75172940
43.17837432
41.24732320
44.52698160
39.40345551
42.65026718
43.85917906
49.11124985
37.26046389
46.68226483
36.22513355
48.38439261
39.27027211
38.93578073
40.79582364
37.78967801
55.81980639
44.45807921
40.74833902
39.15045141
39.90569534
45.62730561
44.41293685
44.05515117
39.13706758
38.18367508
36.59981762
40.88033867
44.79571649
38.13253222
39.53824441
44.48044528
41.94366586
37.73618064
45.56392126
38.51711084
41.07997004
40.63733848
38.23612891
42.23703095
41.52061544
42.68517042
38.86298042
45.66675416
37.22452949
39.04985812
44.14158384
40.41027986
36.34026996
36.35116644
40.97276845
36.36440463
40.56853367
39.13989428
38.24904579
42.47383743
45.43441854
37.34443417
38.58478226
38.50274724
39.80976489
41.29493447
40.02388390
43.92714894
43.20411516
38.69314615
40.16658712
36.93515711
42.32889310
42.67288734
45.03840722
40.12094086
41.45586990
38.58464021
35.89148131
44.34495506
43.86045561
37.70371888
39.02239628
41.38232365
44.04524245
37.08295404
43.18325983
38.44749483
42.38841244
54.28135252
57.98053680
37.39054932
38.99985599
41.10409309
36.71932265
39.57735164
41.03501731
40.74986856
47.21133651
46.75517065
41.41115582
42.46974169
37.70503307
35.57264210
37.37224881
55.30999335
40.13083005
41.19558573
37.55053975
44.79848552
36.25104591
40.16962041
47.51943632
37.25196262
40.41098824
43.77458240
38.37379314
52.38659133
37.75807270
39.63243599
36.10683103
50.54826321
40.59486795
49.60333933
45.86363793
43.34923898
40.49606740
47.07936525
39.87872445
41.75635677
43.64130039
43.06572450
37.31826386
39.66364995
40.12519871
38.12447107
38.88966054
39.36580604
37.78889693
40.53678443
37.16070416
49.84862773
41.01409586
51.73178579
43.69152808
43.19320325
41.54140364
37.49098532
40.56992114
41.90931149
38.53594248
43.74800532
53.11469680
39.71442545
40.90914729
46.44520371
39.52165952
37.82646522
44.30975812
38.57403999
37.77720446
36.37335477
38.61288309
41.21363857
45.79865162
40.34694069
41.93669191
44.08350139
41.95976515
39.13390374
41.13078829
36.68421952
38.00582408
39.73164140
41.66849423
41.38840139
41.86568201
42.66992807
40.91658931
48.72800526
38.38322214
39.92624201
40.50540537
37.37667637
44.41078594
40.19396898
40.88197641
45.78147945
40.46684462
47.52169368
39.19261536
39.70686363
44.85348648
37.41666637
38.51985501
44.18538379
41.33147957
44.41873060
41.73028589
41.08018176
38.51015135
39.84477571
37.84548165
37.45344449
44.02470450
43.24986928
40.97737071
43.02378455
43.16831989
42.91807758
39.39834467
39.00562344
40.80597626
42.19867365
38.47434665
40.85599144
42.82370111
39.94889672
42.07905586
40.81786882
38.89485405
39.07625546
37.52612212
44.19614025
42.91281128
37.89869749
41.19742101
43.07387649
42.01506919
42.92200944
40.15945500
36.26972201
41.70231007
38.41524121
37.70142291
42.80031460
40.65199105
45.39273250
45.52255311
36.84296631
44.04869779
44.42284953
36.25104591
53.58590602
41.05106176
36.29046471
40.90914729
45.11060633
43.75972930
38.40852399
39.91618451
38.04461344
38.83700749
37.21523946
36.80985714
44.13681508
42.93239925
42.38172257
41.01402631
36.00252760
40.90693802
37.85122939
41.10337922
42.54173546
45.78572734
35.76834515
39.58225267
39.55486880
40.79940701
40.47136752
42.01803820
45.12491361
40.55209611
37.80449618
42.19267283
46.55638523
35.72085556
36.43421162
39.73885720
41.68290503
41.88022737
38.83170142
36.68421952
41.48329890
44.26068336
43.03878620
38.43360086
40.44834620
41.20270817
37.46853902
35.14492190
40.40100911
42.28689115
46.51909225
45.53237135
40.28775840
43.99921719
38.43878238
39.30458805
39.34530960
47.65522085
41.10533108
37.88534967
39.66293692
42.94427775
40.61541922
42.51928775
54.98613664
43.59269410
40.81642039
42.90587169
37.25757239
42.81928983
37.31903383
43.30985046
39.97389541
38.13010914
36.99450134
43.46386928
46.75488216
45.51701752
40.22226527
38.68868446
47.83794395
36.77850647
38.86035266
36.82754215
41.70428870
37.60861792
36.25261619
39.50399601
38.96320050
38.36152173
38.28794245
37.83187601
47.27832919
42.17533045
38.11569059
45.09147003
39.77935746
36.35116644
39.41852129
40.74929904
36.96059908
41.08235915
46.46184592
35.86952948
39.32392845
45.22807354
39.56265036
46.70574878
41.12653952
41.27541459
44.11269357
40.21677177
46.00034353
40.50676200
43.91502907
43.35741678
48.77601912
40.98334531
43.12949214
39.08521139
37.39659429
41.42613191
43.22744714
40.42569907
42.20186267
39.42479585
40.48727051
37.67685038
42.56455732
40.37223291
35.81051805
38.20359959
39.08081644
36.22465247
38.90487468
41.03386559
41.82792270
39.42198843
37.99033223
38.02713217
40.54204112
40.46558037
42.51245873
43.26825407
45.90632326
37.02767399
39.23475800
40.80471134
38.15715390
43.76655087
36.68449922
37.30848942
37.95761674
37.39521070
42.40996920
40.55186257
38.19076821
39.71563282
44.70721501
41.95933122
53.75296031
41.57434712
49.13779109
38.33605350
43.56197592
38.37631015
45.20696663
39.79280796
45.43709859
36.03207440
37.28514952
43.63046888
39.99535897
41.39221815
36.63840929
38.48493996
46.74172310
42.25823345
38.83592166
43.38441216
38.39945483
38.98904705
42.09794588
39.67361928
41.88907512
46.07044749
38.52400605
39.09439914
43.80557154
37.32357838
45.36976623
42.47240039
38.98439833
38.90362996
37.66198798
38.44432645
38.41283184
41.60384631
42.72936873
38.37706353
39.91534144
40.90626978
37.90987350
37.51111114
43.14358848
46.56452246
40.09168016
40.45774812
37.13739988
36.21704049
38.48851750
37.41748167
39.73164140
43.40464563
40.43820750
41.35650226
38.05342169
43.68427818
40.74429475
39.81659421
36.13557576
37.54152673
43.09394093
39.10992556
36.61708848
41.50292783
40.08891890
44.26042376
37.26071522
36.77799947
46.52343502
38.15362078
46.16859121
40.21222358
50.77209446
36.62178874
35.95805511
43.34923898
38.83741114
48.74892117
39.54004586
46.52793816
41.03348988
45.80668891
42.21189448
37.33066765
38.93426326
45.14124691
38.69472956
40.97904492
39.47836476
40.55876414
37.10090028
44.61670159
41.31451811
39.89786237
43.57898863
41.38553017
40.98015014
38.01679739
47.64594552
40.62289472
46.87305111
42.88427714
42.52248822
46.25653218
40.70847368
37.20969581
47.06445534
41.26500025
39.64971482
38.78730631
38.85263738
52.43785561
45.79864323
42.76124222
39.30280489
38.37137722
43.23642531
44.88199420
48.04017407
42.74109267
41.57647003
37.39638478
38.40889007
53.96624216
40.84664028
49.01840044
42.94569356
40.32403136
46.46071879
44.65493430
45.26503314
36.74965757
36.54120985
40.91979118
38.57789568
51.81945553
48.86372653
38.71801292
38.27994388
38.91936224
39.26737975
38.29915321
36.77028142
39.58712305
39.35868498
43.31206246
42.97800615
37.92669199
36.91478717
42.69144099
37.33609532
37.90254986
40.14128348
42.83836068
49.01045594
38.97944086
41.38801527
36.77374744
43.57199242
41.78396606
37.49382030
38.05797701
39.63114760
42.38071647
36.33895927
36.39099987
42.71886375
37.26400262
38.34595623
42.07563961
36.86011994
36.63819472
38.99713273
38.70540240
39.64209864
40.06591049
40.84818383
45.84250963
40.72250797
44.32178934
36.97109855
37.59467208
36.55147564
35.34283439
37.02889719
38.94056210
40.41197319
36.18385577
44.97184842
42.79924159
39.54749522
41.34057907
43.91551987
36.21598349
49.21066370
38.82719732
36.95786444
40.30180244
42.81186456
41.75214859
37.73590423
41.84712050
48.63405113
39.41976261
38.81314022
39.34033673
38.43482321
42.40128052
36.60299360
39.97152876
41.14782111
42.71886375
37.68606037
41.84232612
40.58138025
43.25923538
41.07194057
36.26972201
38.55610696
39.36680322
37.63379895
40.80027878
38.86087009
42.32303527
36.25501020
39.57781404
40.77021536
37.70009567
36.38465345
43.15687594
39.77359817
39.25832137
37.26720833
41.55831948
42.81127180
43.50143121
42.61728614
37.60460491
39.12382532
37.34463847
38.65339130
38.68245208
36.30886103
47.88253248
44.14539306
36.97025700
36.97891023
38.05404480
37.20342379
38.45831350
42.00890052
40.30446018
51.33280464
41.12627106
42.48512538
42.27622350
46.15909091
37.73094291
40.40953423
48.07844080
47.15764217
37.08115621
39.49767100
36.43292516
37.00499954
46.53943575
37.87655440
40.10995024
38.12457087
40.01243660
41.08996362
39.87768255
36.44939134
39.06485295
36.64592275
48.17976323
43.49030100
52.29771156
35.41920950
41.76747953
49.79494144
38.76342447
40.49326136
45.23943633
48.38811453
39.03904009
39.03972394
46.21313478
42.32635227
45.77278984
36.13607931
35.16495921
40.33504769
40.89650535
37.37817862
36.17239091
40.03859890
38.60123805
49.35206423
37.16146413
38.64813651
50.44641948
39.97194725
36.78253570
40.68119421
37.06308425
48.22266560
47.36546920
46.04669274
38.11089826
49.08576595
39.08250432
39.43288773
37.12190865
37.80648419
37.89090837
40.41634066
37.31468321
41.20443091
46.50982790
40.83174597
41.53654108
40.60251294
38.45801548
45.79605434
44.38464843
41.82215204
40.65767464
37.83927890
41.74295621
38.69012919
40.07529777
40.62721836
38.33085588
40.60347099
46.06000074
42.58632295
41.70445876
36.11541088
38.03527812
43.33539375
37.47445667
41.24821248
38.27820726
40.03967347
36.86747040
39.00662270
42.02559486
44.41164356
42.97629028
39.62181101
38.87212874
45.26193854
43.88826536
40.57816310
41.67045835
38.85641958
43.49861336
39.35671579
41.80864634
43.18554692
37.83312214
36.99285504
39.35973618
42.45390097
45.75965823
42.58911103
38.56996842
39.44805265
36.40991282
36.30886103
37.06161027
39.71131372
44.76852575
45.82610498
43.57429337
45.58785125
38.90574134
44.22132547
43.32669046
37.41581360
42.87732405
43.45076015
39.80898156
40.16054237
38.20703168
39.15324769
38.86697636
37.57222322
37.33159731
46.03758582
38.40093683
39.79541581
45.48398950
46.49474859
41.84346938
47.27832919
56.89153565
48.24224990
52.47542572
40.42672893
44.50021246
44.94795608
45.79097707
43.12599409
36.39601985
42.46984497
38.34443042
43.59192291
45.56727769
40.69138532
41.10494303
40.89718267
40.91248451
45.93955863
44.13219429
36.10373769
41.80226305
49.63060976
38.22120217
46.27401542
34.89800502
44.25360582
40.36843943
41.60805060
44.51715499
36.22489473
42.96960237
36.68096241
42.08952032
42.26175334
40.31083710
45.81865159
40.97122315
48.25307443
38.12587919
41.38889039
38.67033307
38.46375673
39.68382626
41.35389415
45.24909260
41.69787240
43.38951300
38.46664463
36.34026996
39.23051661
42.54593910
44.24203547
39.16969589
44.44128878
39.71354116
38.45243044
44.28891598
39.06892960
39.01043104
38.09376793
37.27734915
48.17255194
36.63281939
42.38850226
47.74645785
40.41112461
42.76649536
36.78833882
39.40349409
41.55382851
37.92453325
40.15091374
47.17872784
42.79340118
41.21094157
37.47471642
41.79834231
41.38801527
35.74495565
44.02521325
38.38844940
42.08993483
42.15632289
45.84410378
43.51552800
47.80482826
37.78522759
40.68315532
37.61364260
42.73094539
36.93222360
41.07969891
38.30004055
37.66346666
35.67997471
43.21484766
41.17351799
42.09373311
41.62544115
41.57274684
37.61740503
40.37091894
38.01054241
42.79030388
40.91525363
45.11030007
42.72665135
36.86921455
38.91528056
45.47824005
39.56028351
40.59409985
41.87895562
45.52874428
40.88769899
42.81986738
37.33774947
37.53660498
39.17873840
37.61933905
48.67285508
38.04679309
48.16403587
38.39036039
37.65495982
57.28471252
45.91033684
38.84075342
40.84557226
41.63702535
39.13769157
38.55890800
39.00686234
35.85069883
41.60378904
48.37063773
42.12230681
38.36358811
37.61258860
40.53564969
36.19572431
52.31159682
35.32595666
39.23417499
43.78778867
40.56379952
43.19117182
36.01092032
35.79642456
43.49088691
36.45681196
45.79864323
42.28285870
36.78494350
38.85775621
38.55471422
38.03931599
50.43752943
46.08621039
42.44552565
45.69752959
47.23094895
39.24922619
36.36411008
39.84824245
48.18017942
37.21217826
35.88337000
44.64167115
38.95106035
45.93768818
45.26230308
44.44121222
39.98448630
36.90621162
39.76030113
39.31068176
40.12381894
39.01669899
42.56257116
35.90491277
42.31005311
40.78486793
39.52990640
45.88215508
38.11589370
41.53674827
39.12761297
37.44231253
39.85347364
43.19117182
44.43921788
36.97568454
42.45833805
49.63126335
53.75296031
43.28137951
36.45587625
37.61028414
40.10965714
44.24056372
38.02094974
42.74790524
44.80284154
44.37592675
39.68789349
39.65460611
38.16758589
41.19776544
39.56578640
41.25818367
42.39783894
43.61283958
37.00669570
39.65649584
43.84592086
37.07549194
35.89243228
43.61441940
36.58086303
36.97664569
39.65649584
37.96578193
42.60314324
43.49834711
40.68948151
39.89491537
39.16868339
40.15984672
42.30045646
36.84110520
40.28633003
36.22513355
40.33993335
37.08728025
37.77972610
38.54573651
44.83950020
36.68459494
37.86060319
43.80283873
48.60518893
37.80758145
47.87361890
42.35357017
37.65327072
41.02711719
40.57056074
36.63867570
52.02353139
46.62410217
39.14691587
47.01414503
37.58877054
37.62234218
41.36765036
40.79478982
45.15750276
37.98794995
38.43730260
45.64182050
41.21886039
37.56061470
41.58009955
39.38612361
38.74629644
36.41783609
47.58106558
37.15281975
39.34422548
42.59589800
37.50196631
48.99516491
39.99521491
39.14174805
39.74297481
44.52114350
35.41697962
44.69470302
41.85738661
38.39445362
41.41492605
35.96446212
37.73803526
37.82031267
49.65158900
40.36843943
42.56984754
47.03655441
37.68834707
49.28506238
42.13954288
37.71585545
36.19050455
49.25369549
38.96420950
38.31101336
36.73008247
36.09657810
35.32060541
37.70754166
39.97080110
37.35981904
35.97830814
42.84323435
39.04175260
44.22907578
38.93904907
42.43785977
45.70633689
36.57176230
37.46841210
43.88223733
37.67588698
42.98798603
39.26424033
38.85486036
40.63934428
37.52265222
37.30347716
50.88564478
36.14076740
37.01834848
37.19248328
43.63041946
38.16881176
42.09911206
37.25736614
39.03606926
42.70507296
40.53524669
42.03828013
40.18237705
46.33273000
42.05409302
51.50758704
43.12491637
46.85471674
44.06739703
44.07735254
45.64198259
40.31656306
35.74761962
47.75651042
40.52847923
37.23528814
36.60940898
39.99432424
39.01275491
40.42265876
42.40698681
40.47481459
38.10746702
43.96208418
40.39509742
37.92042882
37.82468036
39.16884243
39.22289012
38.59292898
37.42909484
38.43165041
41.11770375
40.96179777
42.70482292
38.65627763
40.58110259
36.99689461
47.21571454
37.54152673
42.96016415
37.10034172
46.59510334
45.22701207
41.43501368
40.73047714
38.00800443
36.67918851
38.54241972
38.46506303
41.12009237
46.17527598
37.01101626
39.13853093
47.49947696
41.24964501
43.92903564
40.41454908
37.37212423
36.10115697
37.18597624
39.82552858
43.19788120
38.50498735
40.36114508
36.06337804
38.42875272
37.50811624
41.36361139
40.49126238
41.01961501
40.57313401
37.48705888
46.64681206
38.82222307
42.02425861
53.54912029
36.46622217
37.44724927
37.79826860
36.84359968
36.75452810
40.58870787
40.20440043
37.95412667
38.49229290
37.74305857
37.16146413
38.38328056
41.15373018
39.87582514
41.33979112
37.45222219
41.53717899
42.10566647
42.25558048
39.74070953
38.83987038
42.04611939
39.75766586
40.15475946
38.23305253
45.70633689
41.64284820
38.52161027
36.69374537
37.52068897
37.46601406
42.63433156
42.79462943
38.40154440
38.30235554
38.40876188
41.38746830
49.49012888
39.75949898
37.27768473
38.40488995
38.06851802
46.84997244
50.04593040
39.49481496
35.79419647
38.11052900
45.46344120
37.33529047
38.51924388
47.54926251
44.79916659
49.21220163
38.50684116
48.24438921
42.83153239
38.64311370
40.55610326
41.07372634
38.64010033
36.21108556
40.95399830
40.80465835
36.36251240
45.08062029
39.04175260
39.10802487
38.54910844
39.92651051
38.14758035
39.03706339
43.61156413
37.05201697
37.50426974
36.52065500
41.27819053
39.79616341
36.28034993
39.85490950
37.04699425
53.98182428
40.01457767
38.06559346
41.94171830
49.98012431
39.81659421
38.31461750
42.89471330
36.61230779
40.99281000
40.37486710
40.29055235
41.51460216
49.65158900
37.01765172
44.39184967
43.46964406
52.99043907
44.62204042
39.20992110
41.42045752
38.53374436
40.33237011
36.00494483
38.66751367
39.24985234
36.51957641
39.69659235
42.89345064
38.50372131
42.27920476
40.49485334
37.49388728
39.53297715
40.45148600
42.88115438
42.88883541
38.12749326
36.14210263
42.99905312
44.53808491
41.31792183
46.44573513
41.03722844
41.56517725
38.88935098
37.81393493
38.62409685
42.80131223
40.04872460
42.94517408
37.67596112
43.37348502
48.98520781
44.16409645
40.21992665
47.04065834
38.90487468
37.40496060
43.23305169
39.40880197
42.99905312
43.88637369
41.37518862
39.00310325
38.89757588
39.19788103
36.76476817
41.12088855
40.76697862
37.52694263
49.09254303
38.27978699
42.94900787
40.81860500
45.91290063
38.17940877
37.20461538
46.34520812
48.32361547
47.30103468
36.93546866
35.63036997
40.03127593
38.20659712
48.63929602
46.55224078
49.22715931
43.48727977
40.18817747
35.80871956
37.49576875
39.07763224
40.28771790
49.18428665
37.97068252
40.22650007
36.55640813
39.71069275
38.28726781
39.86051150
42.94120688
41.33548287
40.78240234
44.31478894
42.12755248
39.42309610
46.32523293
47.71883005
40.28771790
44.42535713
43.56363603
36.17661129
42.63523618
38.52440640
42.84844521
39.34422548
39.27027211
50.61419060
38.24995668
42.47058446
41.21954841
37.61364260
39.93117809
41.82809183
38.52440640
39.34033673
40.04848742
41.61595046
48.13271344
39.26455527
35.78144832
46.68182968
43.35621941
47.03655441
37.85073239
40.15615401
39.49742021
38.32446290
39.71069275
39.87986587
38.95635813
36.86509086
42.46108117
40.41078028
53.96624216
36.82551650
38.22311856
47.52982062
38.17048943
39.60555101
38.01333123
38.04593607
40.65520942
44.60907224
43.12672765
41.80576218
42.25369675
38.59066632
36.77062857
40.16327085
39.73276414
38.78894090
50.48751404
38.32731234
41.36274950
41.09884354
35.96090114
44.21515878
51.57631938
36.57162633
36.15307351
39.88983189
38.10598560
38.01482498
40.71647398
37.36732333
42.08835006
38.14758035
38.93426326
42.00359440
36.70413790
42.04159274
41.70294340
39.42661826
38.48266359
38.11145626
37.68606037
38.79743269
43.92903564
38.62636399
39.65322498
38.88186565
38.93336040
39.70584922
42.17207109
39.75784574
38.43774649
41.13078829
36.64021099
36.30886103
44.77464952
38.95257213
42.69112013
42.75802412
37.94763793
41.01590347
54.66278592
47.95798849
37.17227067
48.52141065
38.70906664
38.95004285
44.38591821
36.79508124
44.06183034
36.63666974
45.15244315
36.54120985
39.16175968
41.04911999
38.41711063
39.01437596
41.33193508
41.87081313
46.94686229
38.68949239
40.62721836
42.97729392
40.95612345
37.28169967
38.37788938
39.36955560
37.66321179
38.03620657
42.69144099
43.40464563
36.87336360
43.49105431
38.61522103
38.22344487
40.50676200
43.73143956
42.63433156
41.24434766
36.68040733
41.83271474
43.49861336
42.49607042
38.59461563
40.61734611
44.12997476
47.03296159
43.94669839
38.03057273
38.84105265
41.19574252
42.48693988
41.18533246
37.25169147
36.98488960
48.07406601
40.70268326
48.54970568
42.86114636
36.87132154
39.41528415
36.98237385
36.61951580
39.08867417
38.32400868
50.01269274
36.42351936
44.55028811
39.30648084
38.79422904
39.42806746
38.07802993
35.59327274
37.34492630
42.10962928
40.32342718
52.11868219
37.52265222
51.74421255
35.87254104
38.39855289
40.23997437
47.97374498
42.41914968
43.77119262
40.24678247
38.58205315
44.30644076
43.92864366
38.08584557
52.37432521
43.22486810
41.48610320
42.03391719
37.23416293
41.24434766
39.90768488
39.84824245
41.74186762
39.01766555
36.44939134
40.28610319
43.60569452
36.69368178
38.43822313
38.68868446
37.17924709
42.80339386
44.85608150
43.96512750
44.04126742
44.37124904
37.80961623
43.61283958
41.98358274
38.38255677
36.22602603
44.47721820
48.44211076
36.16488606
38.40154440
37.52265222
39.48844491
36.99712277
38.27769507
38.55358253
37.56842924
35.78376470
41.98608885
39.23053065
38.55471422
37.48705888
45.99307078
38.11519128
39.29605290
37.26642896
39.95257486
37.85325940
39.71526382
41.95634753
51.92421524
39.65751532
47.14585672
38.43360086
43.56499395
37.82549570
50.56617434
42.80427961
41.34040930
37.21217826
38.40876188
39.74993265
40.13891219
37.21756590
38.97401273
37.40685917
47.92817772
41.60608816
36.36989252
39.40271635
45.12094971
42.11092395
44.73405506
38.76444933
37.52894656
42.03471588
41.55831948
36.41540785
52.60864913
44.75847655
41.10803127
39.43704385
37.60748368
36.03277045
46.55943077
36.62168264
41.23380255
41.04577243
40.52004525
41.09111543
40.28490714
38.17303299
39.67361928
51.26482465
36.84359968
41.66455717
36.63005736
47.72971718
37.82169183
39.29999071
40.43267884
45.17382463
36.54173210
44.30045633
41.21886039
37.94482224
38.06041801
38.81068798
38.94649981
47.23701320
42.32845461
44.04311522
43.34101652
43.90981059
38.18577837
37.84825219
43.30319936
35.07395620
43.69371391
44.69774527
38.44896300
38.30815259
42.58766387
42.92210105
37.47445667
41.28460149
41.44263523
40.28736263
41.01190142
37.94955734
37.74372536
36.61157512
37.32909170
39.36986917
42.41281324
37.49388728
38.79743269
37.16392084
38.59230080
38.47603016
43.21222863
37.84341274
38.30455596
38.47258677
40.62289472
39.42577475
37.68986873
43.50548912
47.91497934
46.21271239
41.22180815
38.12357943
48.22858983
42.05021325
40.06368842
43.56312583
47.03007321
40.90597071
37.81411729
38.03606505
43.97187501
37.23116186
38.71931443
42.18113931
46.32642884
48.53466254
35.88337000
41.22640981
43.56255642
39.68161168
41.03386559
44.91910440
37.33454452
44.13088432
40.11779568
37.91638825
48.18017942
35.41920950
44.17398543
49.63060976
45.60585797
38.28869960
39.94694586
37.46491780
36.25104591
41.56151645
45.46478010
51.46035945
38.34151351
40.85068271
45.68892021
48.69763917
40.19948924
39.05115130
51.40351609
45.97964965
37.01737274
40.91828837
39.44635378
39.46617256
40.72876054
40.22650007
40.88832486
48.73992215
37.82505394
39.77918819
42.38172257
41.17103238
42.03867859
36.42295064
43.25798534
44.43698787
37.30848942
60.39799798
40.49905340
37.79711293
38.37169634
41.23865071
38.87116385
39.40305672
40.15082758
42.21194436
44.27189647
35.58504877
40.37746019
39.19922515
35.87155004
36.91139945
44.26711618
43.41096690
47.58106558
41.17003324
35.62656477
38.62343313
39.06190606
52.07021718
40.73335858
41.70034137
39.26743960
38.15101299
41.69527967
40.83543979
40.48513658
43.97234804
45.67980968
43.48643209
35.98187251
40.36175150
37.24251318
37.13592178
43.37825957
41.73028589
35.09797457
36.61705919
43.84034186
39.77313234
38.49598544
42.69874834
38.24347451
37.19024886
39.10379632
38.83238443
39.75949898
38.40689427
36.71270360
42.45886229
43.94562019
43.68982075
35.95517087
47.24022414
42.03126629
36.50754196
44.85363328
40.35406939
36.34829234
39.97909657
40.84306629
39.46744216
36.56143418
46.96436498
39.58471054
38.20514320
42.20473272
38.61987388
46.56069798
42.28631697
37.42038731
50.04796846
37.46401680
50.22078517
37.29865492
39.65322498
40.54836435
47.50013922
42.29783748
42.11092395
42.38766837
43.74541828
39.68815477
37.54233989
37.79552130
38.25674721
45.73373953
37.67505619
48.06243430
42.74190852
38.46862762
41.27766166
37.51521628
40.00472818
36.87109023
36.39750982
44.00692074
37.77626560
41.59961504
40.20834846
39.03706339
40.75888910
40.54204112
36.13607931
40.37828955
36.92139264
41.23562122
38.98217920
38.83119397
52.92810312
38.43643268
39.69088792
44.38669575
38.45243044
45.08062029
54.65961115
43.03206933
35.84418049
44.28895270
40.20351887
37.62620328
36.18764206
47.48862910
36.26824719
38.63339410
38.66984522
44.35254684
39.20987208
43.44155501
43.64792624
37.45044771
39.42985633
46.11688307
44.69448211
37.71614747
43.85098930
36.79461277
36.45679943
47.85395811
37.03186786
46.31651066
40.19621367
46.49081173
39.04053220
37.65262769
37.29396645
37.47890152
41.08100488
42.59076612
42.99127348
41.27294817
38.78877318
38.54633304
40.11612913
40.07738712
45.84935517
38.15362078
39.77730461
45.52255311
36.50754196
43.01896862
37.68596858
36.88849834
45.12424881
39.67956997
38.38336824
44.38591821
37.11485890
44.52087678
38.91936224
39.83852090
36.44939134
40.82290824
47.43180983
39.90569534
40.83404509
37.98059995
37.40610045
40.86387933
44.14587032
40.18128137
38.27063198
40.77987231
47.11660220
38.75632640
38.74865062
42.17090760
42.58836550
43.22729186
36.65621877
45.68841339
38.15876024
39.02883823
37.23446912
48.47354485
44.52698160
45.43441854
41.61442301
38.03826325
38.62565653
41.97061863
43.73753713
41.58432458
47.84617822
44.82581483
41.55831948
36.22465247
42.90134048
41.05766056
46.42907099
36.63266381
48.32453966
35.87811752
43.02636726
39.83318383
38.79091378
38.26471910
39.73385706
44.29196490
37.80123000
40.53580451
42.70065233
38.77057408
48.80301769
36.83941742
42.42174532
38.86564984
44.84627761
41.90400299
36.26483038
38.23735402
42.78919712
39.46176144
46.18606646
35.76990849
40.21278094
47.16546724
43.81211369
36.64684245
38.44896300
38.34646153
45.74420185
39.19580821
40.45310767
44.80146702
38.11136102
45.13751282
41.19574252
38.85314905
44.85080631
38.71752817
39.35852525
39.40437577
39.76719512
40.18908351
49.50444286
44.69448211
39.08758230
38.66233208
37.79738046
44.95148641
46.41469264
43.42635348
44.42416692
46.39437145
40.63228421
37.98155135
41.45996696
38.15572403
42.69144099
37.01360593
40.76971492
41.05939113
37.03283454
37.85073239
42.55890319
43.94933571
36.99259343
36.86569289
43.56435235
45.73396954
38.30533731
37.56896443
39.83122610
40.60113572
35.97161190
40.64762920
44.62824012
46.19996147
37.12059275
42.64600883
43.41349804
37.04576305
38.36334568
39.66343951
41.43500426
38.87403407
41.26835737
37.64651002
39.80914595
36.44934161
39.70122139
40.93642226
42.94290263
44.91556545
37.97272850
38.13922650
43.56312583
37.93264618
38.71550764
39.66293692
44.85565786
39.22025859
48.09142666
44.03199023
41.59680263
41.84066437
39.00562344
41.62263217
39.30648084
40.99866141
38.99079910
38.57846495
39.48326560
40.01499028
37.78714711
41.19558573
47.55970364
37.60683367
36.92505832
40.48044212
39.56265036
41.11061486
42.22096629
37.51521628
37.69357745
41.75635677
43.98098528
36.16123395
48.20535879
40.30089680
37.94794483
41.55831948
41.28876180
35.89940437
39.77002786
42.36524538
43.22744714
42.82644830
37.22433085
39.65950846
46.17603253
35.56644356
42.64031197
39.34398456
41.94252442
47.68129567
44.86916552
43.86079308
40.52723154
48.82655600
38.12910917
40.33065604
40.16254755
37.76457792
44.51329935
39.14407376
38.97401273
38.23688403
37.03736545
45.47640009
47.55508503
45.53053293
36.51998079
41.69780996
39.72244331
40.91480267
56.52455376
42.25696082
36.42082131
35.25601938
40.45774812
37.71798355
38.28724589
37.72028503
45.11030007
36.47442696
40.17009299
41.80708500
38.52615416
42.78846027
46.38570912
38.56431654
46.22555031
42.34523500
39.83291769
40.58853604
43.86130271
39.20519123
42.59017109
41.37536152
41.60327346
49.57130207
39.35475929
36.23649859
37.43319149
41.19574252
40.26536498
41.12997023
38.38291343
47.95516268
44.88024257
38.06703347
43.36232747
39.82799457
42.50544195
40.45432823
42.42323589
36.35047874
39.32137665
44.36205586
45.40718479
40.32127273
37.40005335
38.96446628
41.30821340
55.17230352
42.00980580
35.94170679
48.16249608
37.87279620
45.01410460
42.56438101
39.24292657
45.33692116
37.34435245
43.72408489
38.91357431
38.71267392
37.72381568
43.67453490
46.16859121
49.74564844
40.73818811
45.12744027
35.90570584
43.93790380
41.00622296
40.40218896
36.68256661
39.01782072
38.15585565
41.24303268
38.14511759
40.03167847
42.52981108
43.64047314
42.96860534
41.08690539
44.68487731
41.03091254
42.13176681
41.96940642
38.98791539
40.01113295
50.03651785
46.10129654
38.13714141
41.28332859
43.76267317
52.12415654
42.66237071
42.78919712
38.50322044
40.52325324
38.39458086
41.33894798
40.17592452
41.55184806
38.14356829
40.68733868
38.88992518
38.70454529
38.39282578
37.12190865
35.74495565
39.65386498
39.95317323
40.34219276
42.60406004
41.09920489
42.59470635
45.64242236
42.83137686
40.88746384
34.81702802
37.43515841
39.34526162
37.11266948
40.92258941
36.63405843
42.71773445
36.63408481
38.71032666
49.07631375
37.12018768
47.65736571
36.95639428
37.32168276
41.82778096
46.03662433
38.37389805
38.39683858
48.59622191
36.32143701
36.67235322
46.21810211
37.46156622
40.05416589
36.84359968
43.84341243
48.74388135
37.41802580
37.68688680
38.05961468
40.90609716
38.64798126
37.42767174
39.99960448
45.27559800
36.30016004
39.61778705
49.67888321
45.61998182
38.25043225
36.53755235
38.90883653
38.74291952
43.56781112
36.55188177
37.46386667
40.59943390
49.76263440
53.12861994
36.88975283
35.96420944
42.87934542
45.61998182
38.95732517
40.76463153
40.01694560
37.03991495
41.84996143
39.06130913
41.38807804
35.89753596
49.03993489
36.12683106
38.81853531
37.38458222
38.73839277
37.77958872
39.35531028
57.98053680
40.06203502
41.70076683
42.13746388
42.49528920
39.84048740
40.49459865
48.77339765
37.82912723
46.25185905
40.04555624
38.92496120
40.32061635
45.23798334
40.48066227
42.20083645
40.19871455
36.91532095
44.41279998
39.46955921
45.23284853
44.95252024
40.13453238
50.43752943
39.91880645
40.49654956
42.41044831
42.82947224
40.24766114
39.85490950
42.03827290
45.35544205
36.21704049
38.11537492
44.92431397
37.99700527
39.68292231
45.39461452
46.59762551
38.60232260
45.07880861
37.64371552
39.24204393
41.88402546
44.46957696
39.48478099
45.78056377
39.37374729
40.18225502
38.44971376
37.72381568
38.79661197
37.63553504
43.73533935
38.96131294
37.82087246
37.84548165
41.10627965
44.50805004
36.49190287
42.99348458
42.94120688
44.41877038
38.84456468
42.43863442
42.88907940
40.91809633
37.93227615
40.04732970
43.59170686
39.63213839
40.37762290
37.44323107
45.09435916
42.13520286
37.51179988
39.83250513
43.56082973
40.77334452
37.07483110
48.73207962
45.45874322
40.79036132
40.96376304
42.49230788
37.28310653
37.86986608
38.79661197
36.50191992
41.59034717
42.16169337
47.78642139
42.07563961
41.91711300
41.43573971
36.16974690
37.45972968
43.66233692
39.00662270
43.08583388
37.24652452
39.64832893
37.89551719
42.46625242
38.44636518
55.67355108
39.79374621
39.89500019
54.60902427
37.83672250
43.65784943
38.89812214
41.68290503
35.71510870
47.87000921
51.38521861
42.54593910
36.03441562
39.98288608
43.15385373
38.11536527
39.75265397
40.50676200
40.41965334
43.56588195
44.75401578
41.90000186
40.92117210
39.56903030
37.47680238
39.16834347
43.02378455
38.69038322
39.10992556
42.13313202
43.23276086
50.96922855
43.88472547
39.75437009
42.61001091
37.53491516
38.98791539
37.76623716
41.93730424
40.28775840
38.27218236
48.27437183
44.10516535
45.33726973
39.93281830
40.16750332
37.22014122
45.04516092
42.66571667
41.36278399
41.05550312
41.52739988
39.37706362
43.16999594
46.46888182
36.92924498
40.55930577
43.81908384
40.68613111
35.40165455
48.47174560
38.05404480
38.86013511
44.31584988
40.66415647
52.60864913
44.95116291
43.25499657
40.69659979
42.59587102
39.88533995
43.28622513
37.09777216
45.26887293
47.94440908
37.71517479
44.64400440
42.37098723
41.48903347
37.71585545
42.44710417
39.81632891
38.03826325
36.72087431
46.90632080
38.24251609
41.62657692
41.45391679
42.01902931
37.23363959
39.73179401
38.06131013
44.73405506
38.37889287
45.22559462
42.77011254
38.35269648
42.50561845
40.76364972
48.16403587
44.32186343
40.29960374
39.43775484
40.57009554
38.81173665
45.70343280
39.06041504
37.66054743
39.00140805
38.52742996
37.44351728
41.64611165
36.88142966
39.83291769
39.37295178
52.31159682
47.03007321
39.58167690
41.33590682
41.66186839
39.94338462
41.08685203
46.72037306
36.45679943
40.43821763
37.36691705
53.64499498
37.34961999
37.66148559
41.67252515
43.88826536
36.51464675
40.58656588
36.44904142
38.60632676
36.79435873
38.50230771
40.47481459
37.58953464
43.79469373
47.95394910
43.57196997
40.45974791
48.53475650
41.95300580
39.55257328
39.38860078
36.76219416
44.01030696
36.21598349
43.11191395
40.26536498
38.76671089
42.40128052
36.24871705
36.33008685
43.16999594
37.38589569
48.58042778
46.29049380
43.94296625
40.13014072
42.80264826
41.91835582
36.04533095
42.44371993
41.97221108
47.68678962
36.22493797
45.15244315
37.96413190
39.01248386
38.09712081
40.31041063
39.77037314
36.94133593
41.52976853
42.91231607
39.25807948
36.65389798
39.06575044
37.40249687
39.88004812
46.39819383
41.03404847
43.57962665
40.70116472
37.80144634
35.39548831
37.36505636
44.16517868
39.34448342
48.30801027
37.44597734
36.74512533
41.69886553
41.87109049
43.45801488
45.27641684
42.03752429
42.40048046
39.30880887
41.94218423
37.80784032
38.77472146
36.09657810
43.25153009
40.06517969
41.51554479
50.07463200
39.41970824
42.39783894
37.15136926
38.39655030
58.04954575
50.39616535
37.29505362
38.55424167
36.78269648
49.45385254
46.30200429
43.50403246
36.40450581
41.56895905
37.32830281
39.14405834
44.70507283
38.83628078
39.37531235
40.97986910
39.79472249
42.07057380
37.67882087
37.06288232
48.35330467
43.44360679
41.54759576
43.67077724
39.76187533
38.50372131
38.11731950
41.53440442
36.24435577
46.73994434
39.41794064
37.13601046
45.16611882
38.93336040
37.93169167
43.18325983
37.82380116
39.55257328
36.85061055
45.35739650
39.20934121
37.76153904
37.97896715
43.06542325
42.33874894
36.53008465
36.04628976
38.61521152
38.86044240
49.99930315
45.11874067
41.27778899
37.53326539
38.75497178
37.43122519
38.12513948
36.10520640
43.32574054
39.79648729
38.61987388
43.65942453
38.99474259
40.01871177
51.77226672
39.61410683
48.03731746
43.90442203
39.89224567
40.60713313
46.30334961
45.40887333
37.91577974
37.45013132
39.17142510
44.98049078
42.17533045
47.91845810
44.57221038
37.58173434
39.41653297
37.93390206
35.88337000
37.35948001
39.95942719
40.08533385
39.84939284
46.54440474
38.72447777
40.85068271
41.69678413
36.70288832
39.59424187
39.76133243
37.17424845
39.35315093
38.08662220
43.16220840
40.13350858
38.06316685
46.88057219
37.71519928
40.08093032
39.49107616
37.58876771
41.02790136
39.05144549
48.38487118
40.76737127
36.71270360
38.76611841
40.04860600
41.52976853
34.97735946
41.79179009
42.14983162
39.49107616
41.13740637
49.77771193
46.11688307
46.03322684
35.99994678
37.51818082
45.25809828
37.26427628
38.16978250
45.99256522
40.75860994
39.81551021
37.90213950
44.26191657
50.19306643
37.83180086
40.43629385
43.75215217
40.38143260
35.93802055
38.37528048
46.63710614
46.88492983
38.04461344
41.23332838
40.66426972
37.75442474
47.21544596
43.72408489
36.47887712
44.25360582
37.96071628
44.89773060
37.62125655
38.83039238
38.66041496
42.59427103
36.54521289
48.55755157
39.06485295
42.00980580
46.44866714
41.87722134
42.46065291
37.46010580
39.41145935
40.61478628
38.64958940
38.62871849
47.86567404
39.40691672
43.56255642
40.46762041
38.84330240
44.64080009
41.39338448
39.10802487
39.29338735
39.15324769
36.88975283
43.59902607
39.16764552
47.25464896
39.23691005
40.89786257
41.08235915
37.30973004
45.05609906
41.48181336
42.88192955
43.05907332
51.11634797
51.06464834
41.99827257
39.68260967
46.94102278
35.80843556
40.10440949
39.32527655
39.36012504
45.15244315
49.92230745
42.74628426
36.61412433
36.64455056
37.87028425
43.81080742
42.79924159
48.38015858
46.31691685
39.71143721
37.47070196
42.56338423
38.19878111
43.82436886
44.98980003
38.19463603
41.12593316
37.48756338
39.15014100
41.07969891
40.66426972
38.38598063
39.73661454
39.68363942
53.66315382
48.72089028
42.11032914
48.28922620
38.23380383
37.73148535
36.69414402
39.49293376
44.03775521
50.05632721
37.18290591
36.00252760
41.89848313
42.38172257
38.90112734
41.24502895
39.66364995
42.57104564
37.96578193
36.61973447
40.14602592
44.88109394
43.55502805
40.14707063
45.65469346
41.51965707
40.28771790
37.39699052
41.41389873
40.74922773
37.97354255
44.31704018
44.80146702
44.35121279
41.88376075
36.42351936
43.36218571
39.34398456
38.23422783
36.01204448
51.30931080
36.04504956
42.72030180
35.73986163
45.31547174
41.73438732
45.15700149
43.25911069
36.85180484
39.71565870
45.05484113
42.00873775
42.28984682
47.32979068
36.92320909
39.66820065
40.87227118
45.17214559
39.45657633
36.81641182
44.47622871
36.94911420
39.96464746
41.36055576
37.47140442
40.44912637
36.16068088
39.98045248
37.18376132
37.66920292
36.73152229
35.70483435
38.09730082
41.88579275
38.40117763
43.80122928
40.15183841
41.46493718
37.63216576
43.35621941
46.76457260
38.47217401
45.65832331
39.00140805
49.03993489
42.45909582
39.37350159
44.60580514
43.02636726
42.85398520
42.74337756
37.02253075
44.98217039
41.15128918
40.45470611
44.09710345
43.36743300
41.34123877
41.46755039
43.84620403
38.71832856
36.92366773
38.55753028
41.51380212
37.47535385
41.39794946
37.42878254
38.58464021
36.34452493
36.91261831
40.56602335
45.57938289
36.64683460
39.08636147
42.72356001
37.86712746
38.16587003
37.37304862
40.41823362
41.61310209
40.64886614
42.36921927
39.86288585
41.91622333
37.68913510
39.66074024
45.49132318
46.91025003
49.86180425
41.57553262
39.47320457
43.30792476
43.39714132
39.35973618
45.90703742
45.19131755
43.02378455
37.63064757
36.99567424
36.97884815
41.61467490
40.90253469
41.39565757
39.83882983
40.27558862
40.64626800
38.55968576
43.91544871
40.91636874
51.72459859
38.28587595
42.68517042
37.54397399
38.12459163
40.70804466
42.31321223
48.26785868
37.61126431
41.17564781
44.48625114
41.30042947
45.04928426
43.33561786
37.93295704
38.51878197
40.13923819
39.28409260
44.58674683
38.60874489
37.89090837
40.33065604
36.56150680
41.60096562
41.23318430
42.78775833
36.10222691
36.46773918
47.61758192
39.71442545
36.65327638
35.83323513
37.98360258
38.05797701
49.29810098
37.16081224
44.59848768
56.64120905
40.28968698
37.97924604
37.83882847
38.96305901
36.48768138
39.61207024
41.59047738
41.68001780
39.29947949
36.64021929
41.66488156
36.88968961
38.71267392
49.99979921
39.01437596
44.15635913
45.45575377
36.37398849
37.05283187
36.44939134
39.78184222
42.40576237
41.63261392
39.77057942
46.66367982
38.08346374
38.33627311
49.95793647
43.45076015
37.33609532
42.59667100
42.82947224
60.85771230
46.94153123
40.30285317
45.45575377
37.36359476
39.40642229
39.30421957
38.20572229
40.43207583
41.54889116
39.36436327
42.76873039
40.72517352
40.36663354
36.58403533
43.83848753
38.98439833
37.69793088
44.51715499
38.58478226
41.13822946
39.05637781
41.80287997
40.21237753
47.67984693
36.86203617
41.72902455
46.28973692
41.05030929
37.46010580
43.41135161
38.55424167
48.50595309
40.96444979
43.73533935
52.87467553
37.26530801
37.03094226
36.14968596
36.58086303
40.16902690
37.18958447
38.49229290
40.29615738
39.04496798
41.89316637
36.47964495
39.32815815
39.67489509
38.13761721
37.89446742
39.49001545
40.60227579
46.45849535
42.72276579
46.28913305
44.43115977
41.27082002
36.74599464
43.38105463
42.97629028
36.80985714
37.75141665
48.09256138
47.95394910
45.47158971
42.12260285
42.84476849
37.02550752
42.60155849
40.76911381
46.97218537
40.05413061
38.66195914
39.34295685
36.91199984
39.55569435
40.98373856
41.86349001
38.56431654
48.26383377
38.36979249
43.20982028
37.39399388
39.03308308
49.10647107
39.77918819
37.43259333
36.88968961
43.36228525
40.65218746
39.24281131
42.70818560
38.12291948
38.50274724
38.23305253
51.96911457
41.69975803
38.26020986
39.34670886
51.03184059
42.22375513
36.01509773
50.80311194
47.50013922
38.69774497
41.20776263
37.50582057
48.53331920
37.87485343
39.81932660
36.97664569
42.13825377
37.09175335
40.28074627
42.39390925
47.71600012
44.32246875
41.05305360
41.22434188
39.76183922
39.41336705
41.60600083
44.18107253
40.47883289
40.99101754
38.86813656
40.77772442
42.44202917
47.27972737
42.97256985
38.84972063
43.76402210
39.49189314
37.27320024
37.79802575
38.11731950
41.13757840
39.02285397
38.57362121
44.95148641
39.68789349
45.44088504
43.68406028
39.22005789
44.69762611
39.22983547
41.50809773
41.66311179
36.87477031
39.65199678
37.12218507
39.71143721
37.18439980
36.09622196
38.01942003
44.06149117
37.38589569
44.86604251
44.29941105
42.38071647
41.72157671
39.05144549
40.55731940
43.40799728
40.96376400
35.99970474
46.32523293
38.85232346
36.62573359
38.37706353
43.35147285
40.74576533
37.10033584
43.87267606
38.66126789
39.97210136
40.81860500
41.50708639
43.50488370
39.97061832
41.93816521
36.36160845
36.36999077
38.33973069
37.70443393
45.84573689
37.86564773
44.23532085
40.00996233
59.86765552
42.17034768
37.26894658
38.68029280
39.39525553
36.87159265
42.91712083
46.19221560
47.51956545
40.13616183
38.29927482
42.89393321
39.98572933
39.55312314
40.82941857
42.63695623
40.39509742
46.92809507
41.98863086
43.19040559
45.07711247
42.04044290
41.98358274
43.68575598
41.37912931
39.12734490
37.74219542
38.08544956
39.09974224
45.08117331
36.97285758
38.62343313
38.58037722
43.08083673
37.01189636
43.44018658
37.05221804
47.02146549
44.12912981
41.23939131
38.56124802
42.55760688
47.53367054
34.92176961
39.01117283
40.40318103
40.41377337
42.85787247
51.28320626
39.74866518
39.79756764
38.59406297
35.98065522
40.17989855
42.38140922
41.66535815
44.47396155
47.96855140
41.76747953
52.38659133
37.12650203
37.22875066
42.20988578
40.45455896
36.75711756
43.44140846
43.23777469
38.02264393
37.03283454
40.77594420
38.01047100
47.94440908
42.08797116
42.55036620
41.46821795
40.13319422
42.51405776
41.78997500
47.61857654
44.47721820
45.63835700
39.08268219
45.10544092
37.00776695
40.00249699
39.43241223
40.64762920
40.27426356
43.22337839
42.26465957
39.92704427
48.43211845
37.66316088
41.00137457
42.05433916
37.49030819
40.63675912
39.03591166
37.62018119
42.55928810
44.85655621
36.75118850
38.95885445
46.19608422
39.94256235
37.04576305
44.40273311
43.66399576
38.64818761
40.21513140
41.65245844
37.30848942
38.78878071
53.61127196
38.94571447
37.40770749
36.98039324
43.98363562
40.46610257
39.81588972
38.84946390
51.48911631
37.74165529
63.56422450
42.29698455
43.38105463
36.15089792
43.11191395
44.50368710
38.24995668
45.41773059
39.64349640
39.26423971
37.87855426
45.05924121
35.91451196
37.34897040
40.21237753
40.78651722
37.78973241
38.48335737
38.27994388
37.11398197
37.43037444
43.56363603
36.55188177
40.47006751
41.14791015
41.26731962
38.02565014
43.03134297
37.85467799
36.28717064
49.14913633
38.18071897
38.48731382
39.52960748
39.31483027
37.31840172
42.71773445
43.99725690
40.57566011
39.09472593
46.89534121
47.87791811
37.54197453
38.35387560
42.21640749
36.91038601
36.42815282
36.97322948
44.32507573
42.00373956
40.49220265
39.91534144
41.46914092
36.45679943
41.16336425
36.59388306
42.19590804
37.51721599
42.00282356
37.58916426
45.22559462
40.35696061
38.76444933
41.49819410
37.34360621
42.03867859
42.01667019
42.32698982
37.19805274
38.42383558
42.33038620
40.97758805
44.00077050
39.38396042
39.15834989
39.49265184
35.92973831
37.96557330
40.43207583
43.96781472
47.02496479
40.01006320
36.97835419
36.57324848
41.39221815
40.54631270
36.90300939
39.07410040
50.96635188
36.94649694
45.46178767
36.36989252
39.38243374
39.31281234
41.34057907
50.79403992
37.25304670
43.34346404
40.49199909
41.02216598
43.74976585
41.98949258
45.42568056
39.50431383
40.49928423
42.14843633
48.62317660
37.62757862
41.74186762
37.61386178
41.27086093
35.88864702
36.36602275
41.16835652
35.71510870
40.67829411
40.67866823
35.99994678
40.28981571
42.53584095
36.14188284
41.26500025
36.98567893
48.13357983
39.17952781
39.80837405
44.77875903
38.12380484
36.71393035
48.41725871
35.99029792
39.36422045
38.91696958
37.43346802
37.23953280
42.94290263
39.02126937
51.49729161
38.40218627
41.75918542
38.67123717
40.54844895
42.50646235
46.16739289
37.87566048
42.02926144
36.78494350
42.07934929
36.50379228
41.04303875
38.71260277
40.94761791
37.73768647
37.77431948
43.40556825
45.12491361
36.97904673
40.68384051
41.94171830
46.07142815
42.99415322
51.95181200
40.45525461
41.57733436
36.35116644
40.05119312
38.84946390
39.28080498
40.57171734
40.40837245
42.99017913
44.59317957
45.44440885
42.17124221
50.79403992
40.33907489
41.83966953
37.54788244
42.03387994
57.94547075
37.82958952
46.43047874
39.76551975
44.02521325
37.69012230
41.68308290
41.80864634
40.45974791
42.93235902
41.65627767
38.01482498
40.94974946
41.68216133
43.81618777
48.52960122
36.00315668
35.72085556
39.29399026
41.66395264
40.07529777
37.94286128
36.79435873
39.52223199
40.82804721
44.31392601
39.87694679
46.76454859
43.85917906
36.22513355
36.51998079
44.24537032
40.91568832
36.94649694
49.86589547
42.36600577
38.51368570
41.99486316
38.80787308
40.45037958
45.87140768
44.43472862
43.38075273
43.81969698
38.59047285
44.53580557
38.70346625
42.18337615
39.24281131
39.32428485
37.75460648
43.91708012
47.30458599
46.33312707
44.48892696
38.65178823
36.60541337
40.54346537
38.69019790
40.13889787
37.41115390
47.54194873
43.31638053
41.70231007
36.59388306
36.60035138
41.94719060
39.44039449
40.25827828
50.59337045
40.58520238
40.79000770
40.59614885
39.60090164
39.34826220
40.39180375
39.32977436
38.24621491
43.40595274
38.03466066
39.64512061
42.32635227
40.41361773
39.50431383
42.44702418
42.84282676
36.76167020
44.95915427
40.61033268
36.69267606
47.44434223
37.12059275
52.33183793
39.82795997
37.65495982
45.61252612
39.89877491
36.84799752
40.67765568
37.56831168
36.89605034
37.03304374
36.26732173
45.67367535
42.20912725
39.05560477
41.41529770
39.97880542
42.49283980
43.35435729
37.47535385
40.50189421
36.78793781
39.57738448
49.77771193
43.06463402
37.26400595
38.92352461
42.62637377
46.37731873
37.35074389
38.99133544
37.59431682
37.51292413
35.96694796
43.09929809
35.74495565
41.03139079
36.21732597
39.71563282
39.27850177
40.15765062
38.95968142
38.99497411
53.28228381
41.89291036
36.46622217
41.87217279
41.65769778
42.57207900
37.69389449
35.93225742
38.55610696
45.87593287
37.55420428
37.81800399
40.28149718
37.54116450
43.32527571
41.04258374
40.76762901
42.46784920
41.21692013
36.04769433
40.36997897
38.92751379
43.08517519
42.84630272
39.76496724
41.07732647
42.64318113
37.17074945
37.12974867
53.85417035
39.27404824
41.96923983
37.86670270
37.28397309
36.69182454
42.47365970
37.14642826
42.28163346
43.41907513
43.00844770
45.33611970
38.68801099
40.55588760
43.96113321
38.58644857
39.76719512
46.90873131
39.54608647
39.43905785
39.45064820
44.01906541
41.98022231
40.56990919
43.14465110
41.72041185
48.40549993
47.88558124
40.88774107
39.48844491
41.12893871
40.54561657
37.89869749
45.18480909
43.68982075
41.73721062
39.34671050
40.72217883
42.26714290
39.28387166
38.45996063
41.16008466
54.72004696
48.53252207
41.20658487
37.50345088
38.37178035
39.11428154
37.33278873
36.88666516
36.81130797
48.84529985
42.93147253
41.48809958
35.66408357
38.34443042
41.46543295
39.32882276
44.45807921
38.46400544
37.78612311
39.70498194
36.31829643
47.68678962
41.18916034
37.18847790
47.27063950
37.34094492
42.38739182
42.42323589
49.09254303
44.41887960
43.48570587
38.46494468
37.47737383
37.71585545
47.45053945
42.76582042
39.59110490
40.45533467
36.94911420
40.25649778
37.35650888
39.80809643
41.51688822
50.40256921
41.91834547
36.03641165
37.40942795
41.11620178
45.57998882
40.86494871
39.62599707
39.95140963
40.01133082
38.22311856
40.74929904
49.23361366
40.13923819
41.42988147
51.51075028
37.57007268
40.77765141
38.09485275
40.51812646
37.71560723
47.37239918
40.77995381
41.34392808
38.96968988
48.79834028
43.39548158
37.79572510
46.38459832
48.63405113
44.86221430
38.72333042
40.80014659
42.22849769
43.08249191
35.71345404
45.24292843
40.19396898
40.79285069
43.40910164
36.97568454
40.88832486
37.23416293
40.64656279
39.73528559
39.76062258
46.81440020
48.73918368
42.58167172
38.79628037
39.82143551
37.37883224
49.92623260
36.58587607
41.37441768
41.50053553
42.76775517
37.79350442
39.55911822
45.23611020
42.92100647
39.30881300
38.84952899
47.56958327
42.80031460
39.13390374
37.58568935
44.09710345
41.70623679
37.86754353
41.60373927
41.84296066
44.92232786
41.87035486
37.15314719
41.86280793
37.87864552
43.15477305
38.87875824
40.63229913
41.07819230
41.35542637
48.95877712
38.39036039
38.04477947
46.01831925
44.27203409
41.66542157
40.26221680
36.36223141
43.37937139
43.16871396
41.13558383
44.84887804
46.15851458
37.33396724
47.48965303
41.19742101
37.78408067
41.06984423
43.54112925
38.14706190
38.42213199
41.73769248
44.04251212
39.23878608
39.90806813
44.72645001
38.50673231
41.86500389
43.17474876
37.90834272
41.55417593
46.18120796
35.40534191
40.14402347
50.44778978
37.82458492
41.91622333
42.97895473
39.93947074
47.73307270
40.48639242
37.02679967
46.33952970
40.01871177
39.42883819
43.51797255
44.08299802
38.07375054
37.41318157
36.85486216
42.04228056
37.99572188
36.70742046
37.24724477
45.29135211
52.48101406
44.70863994
38.15356985
38.48722709
39.75784574
45.22106363
39.64648359
41.70531174
39.17169567
38.03659552
36.90857258
37.81389531
41.62263217
42.34100215
42.47715754
40.74073698
39.13223249
39.91922426
39.91193933
38.47801569
39.45657633
38.01040605
38.39834990
48.21043300
40.74073698
42.84497056
44.20325984
38.12273558
47.90394630
44.19229866
48.18691291
45.70154583
35.72737807
42.79567029
40.96419978
40.67438648
51.96906693
40.53524669
38.59821742
37.99088752
41.66535815
36.22241591
36.21658962
46.97468747
42.43987858
37.20232979
44.26579832
48.54970568
40.55162508
36.81999229
39.25218899
43.77630470
44.32246875
41.84482882
51.58451340
41.00784277
45.29423920
41.05727322
44.36525102
44.21938450
46.95282676
44.53580557
37.61327149
40.36905778
37.98059995
47.54926251
46.84997244
54.89248133
41.01961501
36.76554509
46.08607820
35.58751633
52.29243429
38.04142599
38.24431136
43.80627359
41.06596580
36.43427802
37.05446070
41.11964067
46.46906266
50.12986956
39.58750255
40.24144355
44.27203409
37.59037617
42.55586524
42.83873971
40.85523230
38.85237968
38.59056087
41.86120851
51.57393629
40.66260729
43.80880662
39.06041504
48.30208765
40.49370260
56.51655790
48.20535879
46.11148667
40.18843999
43.86265911
45.00665251
40.15183841
37.47984454
36.00021324
48.25154302
42.06826179
37.47905483
48.25227540
41.35995334
41.14881244
39.50509097
45.35981911
44.83807521
41.15002700
40.17789753
40.68327021
38.29692373
38.09088505
40.13616183
46.75517065
39.01911384
36.14084486
38.65575592
36.39601985
43.70935158
36.36327319
38.30533731
46.03322684
38.69620947
40.96336454
40.78505919
41.98983568
45.63042561
46.90549439
40.10995024
50.96595907
39.34275248
36.31107675
44.90406331
44.50805004
36.32812526
37.60589366
44.91970358
37.73035963
36.68283569
41.21448990
39.48618881
42.68812555
40.26023213
40.69024175
39.21890284
42.13520286
37.79871453
43.67077724
37.61766584
42.67291069
35.53602161
40.24082862
39.81452798
46.35286205
44.85488314
36.52853797
42.43638760
40.87284719
42.65135338
38.82831929
36.57162633
42.80944266
40.62757015
37.34812456
41.11525070
