36.68021232
47.30791576
45.19145772
36.70416255
37.19805274
38.87991373
51.14154647
37.44240614
37.97068252
44.98334670
37.60963614
47.14585672
35.85045462
51.74421255
47.85593252
42.31020403
42.40193435
39.58085330
44.85915975
37.78513900
40.39139829
38.20425414
38.35309817
38.72674293
40.46058668
41.15746581
42.51567723
40.93819162
39.93947074
40.41194492
41.51238802
37.01241370
41.59218825
42.03471588
40.06198866
39.18484186
36.60186264
38.33319717
37.37612229
39.35475929
51.04773977
38.08359539
40.00270004
43.55951074
39.79280796
44.50130567
40.74507773
39.67489509
36.49108056
41.94269719
40.68784239
39.32360437
41.73957025
53.28464163
39.82661192
38.43482758
46.60981004
51.48437309
40.17592452
39.69738530
39.08250432
42.25764452
42.25977965
39.90517625
36.35509209
36.29684130
38.98315152
36.60186264
44.71753537
48.47647735
38.61247752
41.48406696
40.80694097
40.57086817
43.23276086
39.70966543
37.96578193
37.55232496
38.44953176
36.29164877
38.99474259
45.49796421
39.48911012
41.24732320
37.18639177
38.34353158
51.26521426
41.20531667
38.89812214
51.29207583
36.02257738
38.29939706
40.60683436
42.34415353
42.39853896
43.33300210
43.65737269
43.16404154
43.16404154
39.19919642
37.08125670
38.39103184
36.86534418
37.92648466
41.76747953
40.57813525
43.49119294
44.38557202
39.04225208
38.46486250
42.72936873
39.38171196
42.82294043
40.59494993
37.97604239
38.12230846
38.04028207
38.15572403
36.68459494
45.37086562
42.70343729
46.76457260
36.63207209
43.40854126
37.60030710
54.19129790
40.18817747
41.10017688
43.96986667
49.92623260
38.46486905
38.70795946
51.40571255
44.05931137
39.79325140
40.73727739
47.05486323
38.57682959
38.92848925
36.79936274
38.50099682
38.63886484
40.53338271
39.25019760
40.52551050
39.42823698
35.99046000
38.12749326
41.98555444
40.57566011
36.74599464
37.75946972
39.99333826
56.61691720
43.23950702
36.79857820
42.94324874
43.27384370
41.08592857
42.66002112
38.75742943
44.19931802
36.92515641
43.28137951
37.69870440
47.91383516
47.29732932
38.24431136
38.43865662
37.37008468
47.29489410
44.11378310
41.31957906
36.33890853
39.75787602
43.36743300
43.98098528
38.36604944
37.94406224
41.16807870
44.64467146
46.40952271
41.89181104
43.21491677
38.26131932
39.53054272
48.74388135
41.60291208
38.30644695
40.70934379
40.28757476
41.55675220
35.48995344
44.64427826
39.98408345
44.32886110
41.41336507
41.96361265
43.23682523
36.61130862
42.88884237
38.79544288
38.91936685
51.26482465
41.32766712
41.86653650
42.38074295
39.03059031
42.31871795
43.36545044
38.64273115
46.04669274
38.95718470
56.89153565
44.33311439
43.23682523
39.31281234
41.85328365
37.54638198
45.03203393
39.96684632
43.62419990
43.17194573
38.40554433
46.82255666
36.78778211
48.35928762
38.59820908
39.77674946
39.84672187
40.13616183
45.08420600
45.43441854
37.17366571
37.63840189
43.99660191
39.19952567
41.34945404
44.52114350
40.57714242
40.16550063
48.55061725
44.00058067
37.73324164
39.80898156
40.28369511
37.53108134
36.81761426
51.95748170
39.53172776
37.65636195
36.94541177
36.41179109
40.35328648
41.53051399
37.25757239
58.11029295
39.01952464
41.52964675
42.44703781
43.10014877
41.34601841
41.33894798
40.66468431
37.00776695
38.66126789
47.76539705
38.80564300
37.80144634
38.35640660
37.06023261
45.66041975
39.48504697
35.38720364
41.77195407
37.18159049
43.15845594
36.30731656
37.71033246
42.07247992
47.42658333
39.57746453
36.42534214
41.03686783
40.04024898
47.09534914
37.08656791
37.16222756
40.53338271
39.15046249
41.01590347
43.34889947
39.88190017
38.83177119
36.42815282
37.94744673
39.82679215
38.07439673
41.96458402
37.72955136
37.40376995
39.48492391
36.64218520
39.16092202
46.86685880
40.71137013
38.15513203
40.47177550
44.17106055
40.93332487
52.25737622
40.84057417
38.66751367
47.48189032
38.82609019
38.99347608
47.40836524
37.25429047
38.66388372
37.82169183
41.61204517
41.58358550
43.89280945
49.47136698
44.58247050
50.11556031
38.36653904
43.31687401
42.92772611
36.38215394
36.03293384
40.91809481
48.13392115
41.38777206
42.77546050
39.52315232
41.56538648
36.90059920
45.47794399
51.35209986
42.77136011
49.82239760
41.99267408
48.84529985
37.75150314
39.11341113
45.35544205
52.52456709
41.21469198
37.31033939
51.23875742
38.49704513
41.70498199
35.77292546
39.90386973
45.84469525
36.47036124
40.04208730
37.51883280
39.91880645
41.47357603
42.18156358
40.52001292
37.44323107
41.60977329
48.91696902
42.31252292
38.22104135
42.85055332
37.84902384
38.83003015
38.85036699
47.30939927
37.33379786
37.81864084
37.30967694
43.96372662
39.58816838
44.56042039
44.77862904
53.92131867
38.44386597
37.02729693
40.38143260
41.50124018
39.38239877
42.01680672
46.53029547
40.28867342
43.24162441
48.58484649
41.82247210
38.42671392
43.26845326
35.89148131
37.57832304
37.05221804
37.26241387
41.15441059
43.04884756
38.37662221
37.42141860
38.67700104
47.37059470
39.74993265
43.41349804
38.42004804
39.47014960
50.34983145
40.60964018
47.26431045
40.06305186
41.06067350
39.59109886
37.89926120
39.64930395
38.05317438
42.06843244
37.49429064
43.22914105
43.39390144
44.21506518
37.77626560
38.72674798
51.57631938
39.59641752
43.66753988
40.08939050
40.68936079
42.43638760
40.01163184
40.71161094
38.02738672
36.09661796
39.46275320
38.99657358
38.65868186
41.58974870
38.83741114
39.89516198
36.95514209
54.93840167
45.39005869
42.56627659
37.67150044
46.25467904
45.21047609
37.99229770
37.11907861
38.36435764
40.39064134
39.87768255
40.06426067
53.68331865
39.01043104
40.06809461
42.04044290
42.13473753
39.52681483
40.15006089
41.75835523
47.20200956
46.23319993
38.43376756
37.82961413
40.75780832
38.55640616
37.69128909
43.09748932
47.01117957
37.38695710
41.95325958
43.79521695
39.24281131
42.88111493
35.94825477
45.56930403
37.12018768
43.65458633
37.96000752
38.40745770
40.49500479
45.73396954
49.89369871
46.13430095
42.99348458
42.49369990
42.30880614
44.30283438
37.63287011
40.35194492
42.40698681
36.77963854
37.78967801
38.33479472
48.89474475
44.99884593
51.14154647
42.51108482
36.25518685
36.91409077
40.61941633
41.89467053
44.04869779
41.16178712
37.63436449
43.19218396
52.92810312
43.78011668
44.50806137
41.91338540
40.25771807
40.09226959
44.45017358
43.56082973
48.77005488
36.84799752
39.97389541
41.24486533
42.02157491
38.55936645
38.82247317
37.22014122
40.10746156
41.40263392
40.48727051
51.51549576
38.46400544
37.15122978
35.41237547
38.13942073
43.08502045
45.72684593
39.19166654
41.06600681
47.30672546
39.83660397
36.88666516
36.88968961
38.68747786
37.19110405
40.25280541
46.72435765
40.09214394
39.30919338
39.51329419
41.24502895
41.77991107
37.03059180
44.79621085
37.32196016
40.96376400
38.19077356
43.82051782
36.21214378
37.48067360
42.25764452
40.59486795
50.45418708
38.49783427
36.76258269
38.35616787
37.23180268
41.51965707
42.99829914
36.58835498
38.44561889
40.13497573
37.40537265
39.43243683
37.41567438
40.68589232
46.19434016
38.85428250
43.78306965
38.24354149
47.51393970
38.49868457
37.17432844
47.45151983
48.66117557
37.10770134
40.02032315
51.58451340
38.08903399
47.15649496
43.17771134
43.50576836
42.05981957
42.52475531
39.46690612
39.89645744
37.78787378
41.83506579
36.47082976
41.05325005
37.18982735
39.92853857
43.95813792
45.20873747
36.16095269
40.22155929
35.84418049
41.51204054
41.98276584
41.99431612
39.71228730
39.05992369
46.80533257
36.14411958
37.73820988
39.53408212
45.64382790
42.25452864
37.47414109
37.77958872
37.93811954
43.16459658
42.73149899
37.89837205
41.16051882
40.12980055
37.67457575
44.81027773
40.18899718
41.18765287
37.56865466
38.36064997
46.00925154
38.66838475
38.45741223
40.88030456
37.98082186
40.45793717
37.84164272
42.62637377
40.80581670
38.30442201
38.41063758
38.10589272
36.50492344
40.77021536
35.77666639
36.93608759
42.55760688
42.07066024
42.11902554
38.89666119
37.89090837
37.38929055
37.59724180
40.93419899
38.19277219
39.62924134
42.66255877
39.21019975
39.49103306
38.71061738
37.32829403
42.05681701
41.99431612
39.92011109
46.02595219
36.59975073
48.28860632
37.88748371
39.53172776
38.68345314
48.45342787
38.66072967
39.20992110
41.92303676
39.08796337
40.30931097
42.37549506
39.06763095
39.96755974
38.82684520
39.00954972
42.74628426
39.71143721
39.54608647
38.81913416
41.10066247
39.64773617
37.30967694
37.66346666
38.80567385
44.35001965
39.51950529
40.41833350
44.98686934
44.98210065
41.10336380
39.27910633
41.00162447
38.26042894
40.42486603
37.78408067
39.07660106
43.44588047
39.49935363
40.97272705
41.02908322
39.06688916
44.56436985
44.13338731
36.90839256
47.46052954
36.68421952
41.08371515
41.45519082
43.75732985
48.95515749
43.27276172
39.95317323
45.47815350
44.79937101
41.78693941
42.17075982
41.54120638
42.93693648
41.16807870
38.46559688
41.73154987
37.36192947
38.83848081
45.03951462
36.49865954
37.55635914
40.52847923
36.16660153
35.95061912
39.40691672
37.99906739
40.52100596
48.24224990
37.62073055
40.18699954
45.33405276
40.49326136
43.74276842
37.14454925
39.91571480
37.31394778
35.87254104
38.43024362
38.85072749
35.95390189
39.08437223
36.76917736
47.84991212
39.99695536
44.81204967
35.96957021
39.27445490
38.79311320
37.12048625
36.84315161
47.94440908
39.22173577
41.69527967
40.58714898
40.36223500
35.93620243
40.75178634
39.66985646
46.23500552
36.26442808
40.01374979
48.17822105
39.47098603
44.30198134
38.25050793
39.19919642
38.41183002
38.44008470
45.39472581
39.60309921
38.53624025
40.85762847
43.50691688
45.88343159
38.50274724
40.79240304
52.43785561
39.03926786
38.71260277
43.25150804
38.75660070
38.48092933
39.65322498
39.31068176
38.55832049
43.81219787
39.07072295
46.66862060
43.31152538
42.43439518
40.77594420
51.57631938
37.58916426
44.83765531
39.81452798
41.66246379
37.87864552
41.84609580
45.49093324
38.71519050
45.92563494
42.38512917
40.57053561
38.09525324
40.94254284
36.25693802
37.61042836
38.69038322
40.40599747
46.44155635
40.25682511
44.62362619
38.17881234
35.80286748
42.67547839
41.15973429
44.24359761
38.08817737
37.75017998
38.12862573
36.30742519
38.92352461
52.29771156
45.69016595
41.77532273
47.16303651
40.54628005
40.64948261
42.61542464
38.64223900
46.34520812
36.61133995
42.23052243
37.24557151
42.49086495
36.70527532
39.42296785
41.70076683
38.89528190
41.68303614
40.61765864
38.47434665
54.07577852
38.38321841
51.96911457
42.28886882
40.27024991
37.13873627
43.58375805
43.15077205
42.94282035
45.42217856
47.82115709
41.94366586
37.84288444
53.25522969
39.05184839
37.29963715
43.70817446
39.28178392
51.15310828
42.49772264
40.47177550
40.14509361
43.62964394
38.31461750
41.12670023
42.95718470
40.05416589
36.24431059
39.96561968
37.55010267
41.92783410
46.08816774
40.02103325
36.91267464
39.03926786
46.68085272
45.06725503
38.61106729
39.56383131
40.40494063
38.94438168
43.74507364
45.66890566
41.14999004
46.27481839
38.34792668
41.15953917
43.90482657
43.97234725
38.51156728
40.97783747
38.77057408
39.87899027
52.93809596
42.03939473
38.20178738
40.52493304
38.36249019
39.33293184
36.29084830
48.25227540
37.49469971
43.77857644
36.70742046
37.96895764
39.03120642
36.95890160
45.51807611
37.30531347
36.81209844
40.56356947
37.75530850
38.62604552
40.93065133
49.18428665
39.92664587
42.91949781
43.17404172
43.40595274
40.98334531
41.59589804
43.09364413
38.55968576
38.22311856
42.98070674
38.11301196
40.53343336
40.30785480
42.34284476
41.84979601
38.03787776
39.34526162
40.29518281
41.82520240
42.94259166
45.58095191
50.54826321
46.83798615
53.27527404
39.13956323
43.81620964
36.60804276
45.62636653
39.18880475
40.30180244
43.31638053
38.23002820
37.82268157
40.18455075
38.84432492
39.65245093
39.31162611
40.45851979
41.65738731
36.57935726
37.87899517
43.91023968
40.40904145
43.28137951
39.01196316
45.11996772
39.40443168
41.29357627
40.24900903
39.27255460
36.44475384
47.50803317
52.31159682
38.39831560
39.41047477
39.83328984
42.03471588
37.01765172
44.30975812
44.29451203
38.55264771
37.77626560
41.03386559
41.21363857
38.01333123
38.43676811
38.81994752
38.29098176
37.06592984
37.26628177
36.97025700
36.62651995
38.26217950
40.25433681
39.21621411
37.71645592
38.27192817
38.65103476
37.66920292
44.54365330
39.71208509
37.94719437
41.72938555
45.45202453
42.25305903
41.07085391
38.37916280
45.24697585
41.05766056
45.34308855
39.06036894
39.77631993
46.24432778
44.23550833
38.51985501
46.17513013
39.03251402
45.43682474
45.22434394
41.56413323
41.24075060
44.77499959
42.63488351
39.96171584
38.06512975
42.23762394
40.45470611
44.05655306
41.48897343
45.53237135
40.40485766
45.11063262
40.04024898
47.28436143
37.22644789
41.56224896
40.64059864
39.94889672
41.41389873
42.96370522
43.51552800
44.81895929
36.35897095
39.28387166
51.45366558
37.75159461
44.13927678
37.02566286
38.72915057
43.22855111
39.62779748
43.06464322
47.04704606
38.85411963
37.67765834
41.17564781
43.35174182
43.24948877
43.41708671
39.35674800
59.11119757
36.68021232
38.11301196
46.74376025
35.87811752
42.85779897
35.79025665
36.35367279
51.13768117
43.94669839
42.36042698
42.89842253
39.89348387
36.50042239
36.80237358
44.13681508
44.91015950
37.93205575
44.74713686
38.79579342
40.28994757
37.94314510
36.79936274
39.60123376
39.14671659
37.66208981
41.36274950
55.42223018
39.43288773
41.48747363
43.56681988
39.06015084
40.42486603
41.51204054
35.31020682
45.98630330
50.12681166
39.43704385
36.71545605
39.72439225
44.14042423
41.91711300
36.62651995
39.26732365
41.32008465
41.02912641
46.52353048
40.65998311
42.11902554
40.76062807
38.05902394
43.92137554
42.28689115
47.30939927
46.85230488
39.41838643
42.90790559
44.78140632
47.67086237
46.63553524
39.97739284
39.94101031
37.36171789
39.14691587
39.41528415
40.92056782
49.38167824
47.84746118
37.33081030
38.52653881
44.10651318
49.04271830
44.61442505
39.78020753
43.46210990
42.70485235
41.00919036
38.43531295
43.46386928
39.89672981
44.17325195
40.22226527
37.22452949
40.49654956
41.50287180
45.16611882
38.32882805
44.78896089
37.53256761
43.64047314
38.60874489
38.96320050
45.87288287
37.18680161
44.48679025
45.18480909
40.58341285
38.65575592
42.71144870
48.67354784
39.96561968
37.57414676
39.78872924
40.55063222
38.90574134
38.73904052
37.53298210
45.42459745
40.26783998
41.13591284
41.85856076
36.92742531
41.58974870
47.59459876
36.16095269
40.67588196
42.17533045
41.27778691
43.11020259
43.99984834
37.34051807
41.26500025
38.56984070
38.45801548
40.83210784
44.45609347
39.33252712
42.62135427
39.42479585
42.33843662
39.51774846
42.17207109
35.81936900
42.02557320
40.26393656
36.90478921
36.22465247
37.85645061
43.30733165
37.21983939
37.73618064
43.73107428
42.14439327
44.52674734
39.06643687
41.20602902
44.58347551
40.47024731
44.90406331
40.90159265
41.43374899
40.52900528
38.24134935
40.29615738
39.12328868
37.69655457
39.50887397
37.58035508
40.04349789
38.19076821
36.22506512
39.77257423
40.72250797
39.94872760
43.40903501
44.65467115
36.35897095
38.35021216
37.17015382
37.21217826
37.69080478
37.58938592
36.39417284
37.28759703
48.53331920
39.99535897
43.36764755
36.44333817
41.91016179
39.03591166
39.84048740
38.75923547
39.59830624
40.58326186
38.37626126
41.42157461
44.40795119
38.20673533
40.37290160
45.66786551
37.80115851
41.40253682
40.17120453
46.24479267
42.52473707
41.87318359
36.05006959
37.37352868
39.04225208
37.11485890
38.22943496
45.58785125
41.92408498
42.07057380
41.21886039
40.26603419
36.24659770
41.14366423
52.72514416
44.39725814
38.55138660
38.74868631
38.84250559
38.18865557
37.85832187
40.25433681
38.72974481
43.71444313
46.97282266
40.81668549
41.98656608
40.17328286
39.35360009
39.85129278
40.98669746
43.58007226
48.13392115
40.57053561
41.42327202
41.66023715
48.42834323
41.15501244
40.90320964
36.78375891
38.15362078
41.74604936
37.22452949
48.45945560
47.44025400
43.08662156
43.81620964
39.24204393
44.07735254
39.00619760
42.18782864
46.21429514
44.07597951
42.96960237
43.83611104
38.77599222
48.64803301
41.80287997
45.81259473
37.35948001
37.66889349
44.48026909
49.55876955
37.56124681
47.18666918
43.57898863
43.54841237
40.98015014
39.09621672
36.23087557
40.67729205
45.45302073
43.57904000
39.03286261
41.67580317
40.95399830
37.56389660
47.06445534
46.69002772
39.74239066
39.39904545
36.32357039
39.27127816
41.37591113
40.55612913
42.05511293
45.38676826
44.77862904
37.69390717
44.58674683
41.33791958
40.59994066
37.26762227
39.85270308
42.70343729
39.60965323
49.01840044
42.94569356
39.30881300
38.65594322
44.33903479
38.76779280
38.87300159
38.44597214
38.87119400
39.06763095
47.72304700
38.62858070
38.30738165
43.72890776
37.30531347
45.97576370
40.28365850
37.15442339
43.05028329
36.66493147
48.26681506
40.93220347
40.25434050
42.88529573
38.58877389
36.82345900
44.95252024
38.45376466
40.18513237
47.02934409
38.42950763
38.61528211
45.11535830
39.20039590
37.95208832
38.16949835
41.94570111
39.98448630
42.47373784
43.73841792
39.31326329
56.01226077
42.46470075
37.45760924
43.57740420
39.24726074
41.24303268
54.13234780
45.94935899
42.19175196
36.65574070
48.24438921
48.24599256
38.89656859
35.95831034
39.53787154
38.68406963
38.41183002
40.57033024
41.59961504
36.26442599
39.28906413
40.88255986
46.19434016
44.59608944
43.04166029
37.55053975
38.41971787
40.84364198
40.80886294
45.61998182
42.18420751
45.81815423
39.47743201
41.14448600
43.92587476
37.78889693
43.62910164
39.60013714
40.25771807
40.07768400
36.34539553
39.88762788
41.40386755
43.03151372
40.70997421
56.05615406
39.81050584
36.51998079
38.20659712
46.55855768
42.14441353
39.18940594
35.80871956
36.93222360
39.70224058
40.10560110
45.91244678
43.63947403
41.75607641
38.09630047
45.64824056
40.80684181
38.18188347
38.59821742
44.38464843
42.23773514
38.14777435
45.06315066
43.93627774
37.08115621
41.47728275
37.62673463
45.08141003
37.34463847
39.36666402
38.03609331
49.21059132
36.75104117
42.12642738
49.36285402
37.55635979
39.46647305
35.26734993
44.49137332
40.60967389
38.65596989
36.89939885
42.58998880
48.07483680
38.56124802
45.18644105
41.98608885
40.61425085
37.94491578
48.25154302
41.99742651
40.47274334
35.91406328
37.15281975
43.77049539
53.13531467
44.25409916
48.98101513
43.33038893
42.08993483
37.05739010
37.32909170
42.22508175
42.45145305
48.18438481
42.66064405
43.40328502
35.41920950
44.71254012
39.75727789
40.80790849
39.71131372
38.63583514
40.54562855
41.46406874
35.91752562
42.70396816
39.70966543
36.51929770
36.48718243
48.22164737
41.36278399
42.85939327
37.66379837
37.90633233
36.64088953
36.65462188
41.90718979
42.52388527
40.89564317
41.36815569
45.21213168
35.86216162
49.93871154
38.24653519
42.53357140
37.49469971
41.71665516
38.11089826
40.21992665
40.82324042
46.99064923
37.35741079
42.71780990
47.17664467
43.02269755
37.93233611
37.67792849
46.50982790
37.22295955
41.03686783
37.75868778
47.20200956
43.49861336
37.01360593
36.67882482
37.67165852
37.49177396
42.07516759
37.44597734
42.20186267
38.46862762
37.39656135
48.28335382
55.32805016
42.44053704
36.81912923
40.62374051
38.40218627
41.32511444
40.95253403
44.17426446
38.03584448
48.52999745
37.84894104
43.96429447
48.84930512
40.83858623
41.94127789
39.96858131
52.54642548
45.55574416
38.02501600
37.26025212
50.82695926
42.27374403
39.72944002
43.19368494
48.23729138
37.33974852
37.82846016
42.90587169
38.79067943
40.22564980
42.02157491
51.22617225
40.41819294
40.74507773
39.38247636
49.52721888
37.06161027
38.49919406
42.87620215
39.03643931
39.87346649
39.13956323
43.02776434
40.58816616
38.59513072
37.49149369
37.69357745
40.46311600
38.18071897
42.72076340
40.82413265
39.15324769
40.49955126
45.90632326
42.20311498
38.03058035
44.93326495
40.24841105
37.51470718
45.26887293
46.51088676
45.18480909
37.17501968
43.04837367
39.98347777
37.82611230
39.48285023
42.04139184
44.17106055
38.99713273
40.82237996
43.62937712
41.47636900
36.52039671
41.93378348
41.16667169
37.31267260
36.21142887
51.18120145
38.61160542
42.02472689
37.47165409
40.33240162
37.94170745
40.00996233
43.26391844
38.08544956
43.42238435
44.58589980
41.60805060
45.96633767
37.55696698
43.85569275
39.29162854
38.99991634
51.25397496
36.35338415
39.19952567
54.19129790
40.27353941
47.43780784
40.01270930
37.32943634
37.90018742
44.09710345
37.35888806
42.07378155
41.95959255
37.77947249
39.71411284
36.24431059
45.29423920
38.10185568
37.39024318
41.16051882
38.27636319
40.44618775
38.22278671
47.60765586
40.94721142
37.28336115
49.20721612
38.60632676
42.46142960
42.50561845
37.58872906
50.52761173
39.29127850
39.27171713
40.75868713
42.19313327
36.75575977
37.92453325
38.12008993
36.18764206
40.37647285
39.85217143
37.41602248
43.93375156
38.61528211
39.73007872
36.75570903
38.54503699
37.67604222
45.41311969
35.89829863
44.84887804
45.51085751
47.89337729
47.28690434
35.56180075
39.27945894
55.94340105
42.10473830
41.78128582
37.66346666
38.43631640
44.90189943
36.26527854
43.36613916
36.40991282
37.17227067
38.97401273
43.99634143
39.41976261
42.89066723
40.02399892
41.60899531
37.58859753
37.99753319
44.91143880
48.73992215
41.92495851
38.13714141
41.78720318
47.36566210
43.05867877
40.27951200
41.89673970
37.89499564
41.78876135
37.70343099
46.42602394
38.04679309
45.07369840
37.00289554
36.81392889
48.65736494
39.67956997
39.40950128
46.15500025
36.52212288
39.13769157
41.92833506
52.49274340
40.98325298
37.01034107
35.92229094
45.89146369
41.12932082
48.89674277
41.80900115
38.43587211
39.41655546
37.23439471
39.97582734
45.57476027
41.68859077
38.85035643
46.60107158
43.13417622
43.26941110
42.58766387
41.37591113
37.10695398
38.43905709
52.98697320
41.57193976
41.35537255
40.72478552
37.43599202
46.35299538
42.54746031
59.51094239
40.45871712
41.98122926
39.84824245
43.28575127
38.24441730
38.65627763
47.54982320
40.57288085
43.38649445
44.05469998
42.55710849
37.06054935
40.54460580
39.34530960
40.80355455
40.94861475
38.64223905
39.96025562
41.35787270
37.97354255
38.78588947
39.85675046
41.13822560
36.64429448
38.65966837
36.32226726
36.24384790
40.06591049
38.85035643
40.27381959
36.67918851
45.34369848
43.76818789
39.94872760
46.91709189
38.05034312
39.17525807
40.08975637
42.85055332
39.36524703
45.42568056
38.42637882
44.04958989
41.23786569
38.98202740
41.14708294
35.98187251
39.56578640
39.68948313
39.66085640
40.63838906
38.80623094
38.57932124
40.81562007
46.40758277
40.43707496
38.00333361
36.58086303
39.65179333
38.57932124
41.29966098
46.30638190
47.78642139
38.33586955
51.81945553
42.14112264
39.46684629
44.14845375
41.66542157
39.71402953
36.61133995
39.58478276
37.37234554
38.17981657
40.99101754
44.63337164
36.11927333
43.21425117
39.96620631
52.53899392
36.25681513
46.02412841
35.89639134
40.97469497
43.32142537
40.57056074
37.58679615
40.66438559
46.62410217
35.64200731
38.55832049
39.40880197
37.33261537
37.03650084
45.67367535
40.90626978
42.85765811
55.17230352
38.12345242
43.32880522
37.20171942
39.40335603
42.33246761
38.69665846
40.66468431
36.85784129
36.84805491
38.59487456
39.51732673
37.61933905
41.48070592
56.58370177
37.76955913
41.42161734
47.05777052
43.71906762
35.82674750
39.17169567
36.86020856
40.51858206
36.89824747
37.05201697
40.56484486
37.82468036
44.58589980
42.56984754
38.99458743
45.95613018
45.23690046
43.90277195
42.96960237
36.78444821
42.79617683
39.18297711
36.68421952
38.96275739
38.18393461
35.32060541
38.65824535
37.91475497
38.23894698
37.37649641
42.84323435
40.61730065
40.68589232
36.06188211
40.74874550
45.84688899
39.43046424
42.49369990
44.40609774
42.53606805
51.26253857
43.44140846
38.85486036
40.28968698
43.91097962
51.31431024
37.44041093
44.86119353
42.82047607
37.67596112
47.87372381
38.16881176
45.66109653
38.59056087
37.36060210
42.58539569
45.00456653
42.03828013
37.96597118
40.63733848
44.48984683
53.42832835
39.58167690
41.37955034
39.49560293
37.32578804
41.49543425
37.84776955
42.79479898
42.65323607
45.14619965
37.23528814
42.13762080
43.23486800
36.46622217
45.80441119
37.82061917
40.47222747
40.07043942
36.09639717
43.17040028
43.64130039
42.65265490
36.15904850
45.76768899
42.36600577
40.85045410
37.60102911
37.47333699
36.42351936
39.03606926
38.71261753
37.30041942
49.55178972
42.88607034
39.70433655
40.50835796
38.69707591
46.12195356
44.95953602
40.40211247
35.76522613
37.89926120
38.43315572
37.11506383
41.80929073
46.11688307
39.01991112
37.46961108
36.52452067
43.80391337
44.19597061
39.80174526
36.65129377
37.80144634
47.87000921
40.05005972
51.72276502
40.06517969
39.98045248
40.32417104
39.11440000
38.72019967
39.33902232
43.57199242
40.79478982
40.90138372
37.02821203
41.28597035
37.22008970
37.73236135
43.33605549
49.94714770
38.54910844
37.49367906
44.81609416
39.61410683
39.27418928
40.27646801
36.05105216
37.00506470
38.49229290
46.17718494
42.52388527
45.41186333
48.24565105
39.40484023
37.04270258
36.68263592
40.04691917
43.25917815
39.34605379
42.26653088
43.62419990
41.62066420
36.19558738
40.46359337
36.55925228
45.84688899
39.21133450
37.79287408
37.83460440
41.84143184
37.37351405
41.64250119
41.61442301
39.87694679
38.40165595
38.01948010
42.11031166
40.80705484
39.71563282
37.27768473
36.77360313
40.06809461
41.82247210
37.62829341
45.99980973
38.73679738
37.82961413
49.12906447
37.66054743
36.36440463
40.21380007
41.25473382
48.44078046
41.17973889
39.41999242
40.18449890
47.15364613
36.33108683
39.16302607
38.64010033
42.51091538
39.02185971
41.15326893
41.94218423
39.27874109
40.44637646
40.81295439
40.97272705
37.84960250
41.58618237
43.23358682
36.91038601
50.97931129
39.48537141
41.08717438
39.76450698
40.85337382
35.85307482
38.14943283
37.94863278
44.05106425
41.46025966
40.32771531
47.09594948
37.44041093
39.81659421
37.62073055
37.28306545
39.27484902
39.83814346
43.42368332
41.64250119
38.96233636
37.82468036
38.27741090
38.54681045
38.67033307
51.35709241
50.40546642
40.18453066
40.30379603
38.82164106
36.77320631
41.12097077
44.79937101
38.21527366
39.44572331
37.81737393
39.49444716
39.76183922
36.75570903
38.53585602
38.33113254
42.03120924
40.45148600
38.23354187
37.97774378
39.46264659
38.17293605
46.01119736
41.16336641
40.45974791
37.81511277
36.62041417
40.49023355
42.00061338
37.81029897
41.16912215
44.16409645
38.28064661
38.50820675
38.15876024
39.74757005
36.21880233
41.51554479
37.96302851
42.76488025
37.78019102
41.30957972
43.00564091
39.75437841
46.01119736
37.95955451
39.31241878
40.02599553
40.15653209
46.15579073
36.45272732
35.36609043
52.02353139
37.23798394
38.29633100
38.27978699
38.30654142
41.55835679
45.67224365
41.83746237
38.54726641
41.22536749
39.70949450
38.58205315
39.16298716
44.85848524
40.01246012
35.13013982
42.02158082
42.14952049
43.12163404
41.94366586
38.87991373
37.53474299
35.70267049
38.37211187
38.33523243
42.75572110
45.71859529
39.39162228
40.79401762
39.73276414
37.78087461
44.02521325
41.38668705
38.85023509
40.78240234
36.69132037
40.80693485
37.80903032
38.27758048
50.33306354
38.33523243
37.38949860
42.22727982
40.52676594
39.71442545
41.07372634
45.77820901
38.59487456
37.33307660
44.13935346
40.80239291
39.27445490
41.76290757
38.68868446
38.77187732
42.39853896
44.99812135
39.50092456
41.24411776
39.98351809
40.77013358
39.90267485
41.80185562
44.52986298
39.27690203
38.99458743
41.48640643
44.59779393
37.69636565
42.10320884
39.73276414
39.22688287
40.14509361
40.76513871
47.19893617
46.52959950
40.24135928
43.42238435
43.32313932
37.00774110
36.97991537
40.67671725
42.04498386
37.98102618
50.74319823
42.73117616
41.67455198
39.23053065
39.71129590
46.52793816
37.97879781
36.39722242
41.28979687
39.67797319
46.93569065
37.89132760
40.02462589
44.70721748
42.50426378
39.03926786
53.35923649
51.20737747
52.32161666
40.25151543
46.33764672
38.54668686
44.68320148
41.86536304
46.67446722
41.58618237
38.77599222
42.01960761
41.51030275
41.91898428
50.06299602
43.66435829
40.48758034
35.34283439
39.81050584
40.72785901
39.80174526
38.66900180
43.95436323
37.79411156
39.52312436
37.09397677
40.50947665
46.85937249
41.96529473
36.97025700
36.50045210
49.52721888
40.51487323
37.72955136
42.17207109
40.53036830
43.56624989
37.61740503
39.77711956
45.15700149
41.35462081
46.75488216
37.70754166
44.15493177
42.68714868
44.25696523
36.63154738
48.39005796
36.59788697
36.54120985
40.95612345
39.27733608
38.86736542
51.35329273
37.67165852
46.66212188
39.75886495
39.63399553
38.46862762
42.23603211
44.81204967
44.95863757
39.17873840
37.90749970
37.69614599
39.03330988
38.58877389
38.72974481
50.16803764
41.89718209
46.44570365
38.49918016
40.58341285
48.14803308
39.87025576
49.62548695
39.23901498
38.85456698
39.72944002
44.20325984
43.42368332
40.14530923
37.37188965
46.27476085
42.18963416
43.42622313
39.26457373
42.59748241
46.31911669
41.35058112
46.49092457
37.15314719
41.60384631
36.68626151
50.04287528
37.59872256
37.69636565
39.77871118
37.98862888
45.64198259
39.35554876
45.65416545
45.35813129
41.31329018
40.87585511
37.02597762
42.28653344
38.03425035
41.16466767
38.66023793
37.26597973
46.42880362
48.73806225
44.63020652
43.91097962
43.74225432
40.96376304
38.54665702
38.39627611
46.97362205
43.84891518
40.69674853
40.12074699
37.37095644
44.49666993
37.76333719
38.89346991
41.93632559
40.90131668
41.16807870
42.96282594
39.97061832
49.62548695
40.75358529
39.84824245
43.99728571
40.19592785
35.63238738
38.38478836
40.80062669
44.32307240
38.15500954
37.20997175
45.25754209
36.24098128
44.58507495
36.19572431
37.24851046
39.63528422
38.06550978
40.63838906
45.45227414
43.09748932
37.25184063
40.69199178
40.52131855
47.32975650
44.37176875
43.91097962
37.49226252
37.91638825
36.91199984
40.21039728
39.43567163
38.70072376
42.66205024
42.89096884
41.57193976
41.06729523
46.33307333
44.50416746
40.79587801
37.90139315
46.00326544
38.61106729
40.17047999
37.45510815
38.83187565
37.19640188
49.17477668
46.52353048
36.73097041
37.18999076
50.56617434
42.60537374
42.67055377
44.02470450
38.01948010
42.82660508
41.60585779
38.03207662
38.48654148
38.98392561
44.83190608
45.66223329
40.48339531
44.59489182
46.76711235
41.43979810
39.33329015
38.76316973
42.61742698
42.91680641
49.26304189
38.69657290
46.17527598
38.04214629
44.31478894
41.81350531
39.13869078
38.55130419
41.96458402
36.22489473
41.75214859
36.25217644
40.53614289
48.57205678
39.89775021
43.15476252
44.40795119
53.52793937
39.61410683
39.50433281
40.21686630
45.33692116
38.91097604
42.82947224
40.19653551
46.97218537
37.50556053
54.09109760
43.32880522
37.94482224
51.31599809
37.69664850
35.96976892
57.28471252
36.09380935
39.22983547
38.38700230
46.71954469
38.45908336
39.07196864
40.81227821
37.06164456
37.93870437
41.01409586
36.41783609
38.66563961
41.84800366
43.52691997
40.95253403
38.84057708
38.29566281
40.09977177
40.18128137
40.06227661
39.54713369
38.44050870
40.71334142
37.07483110
37.12369180
38.33113254
37.18680161
39.76379824
38.38385209
40.06368842
37.77720446
44.75847655
51.82506246
43.77630470
38.33069511
41.84715495
37.11266948
36.33596285
39.57812473
44.87363069
39.76450698
42.39169345
39.15565505
40.26023213
41.39202417
38.78082720
43.60731325
37.47111065
45.95613018
36.16488606
39.92004449
35.67561959
45.52495468
37.31230152
54.13234780
42.13520286
38.65627763
46.93631202
38.99853955
52.05367987
41.78982920
38.99198628
37.23659906
38.71734547
43.36306216
44.56298956
43.28575127
35.41920950
44.31511188
37.94170745
50.08687325
41.03386559
39.43467430
36.66668342
38.56186379
37.34156479
42.78846027
47.95516268
37.32113075
39.18484186
39.09867428
65.42894535
36.90439634
39.43838249
37.41225104
40.66426972
38.27358261
43.82656475
35.93591758
37.22846865
36.03207440
39.39162228
40.32239572
35.26295424
49.28506238
40.69715260
37.58035508
46.73790819
37.24266400
37.75221936
41.66354244
37.37304862
39.12328868
39.85618351
35.93802055
44.31195177
49.79494144
38.21351763
41.42268371
38.60123744
38.96291554
41.66531894
38.17246007
45.67470360
38.19901169
36.14625079
38.46486905
40.59489576
38.74762955
39.65950846
36.85784129
49.69721950
36.15962197
38.34850988
41.92303676
38.03387953
42.50474873
43.30153302
39.26743960
43.90340632
41.72217239
37.07689683
42.97729392
40.88297495
37.46401680
45.51600540
42.03030326
39.94392635
37.81029897
42.24222974
48.30801027
45.22434394
43.67077724
39.77671979
40.16388069
37.64301810
46.68250194
45.05071834
38.50630586
48.22544529
41.73778243
38.82296117
39.71563282
41.41088969
44.07463884
40.97890252
38.08380500
43.68982075
40.30715364
47.61654962
40.99732431
43.13318088
50.38883463
42.50503313
41.74706305
45.26833893
42.23703095
38.16881176
39.97070406
43.36358950
36.30731656
43.01967033
39.65456755
40.19246864
42.38193352
39.80153013
38.64273115
50.12986956
38.27466144
47.53303448
40.42265876
43.33022259
37.61326630
46.88492983
37.60582066
41.78202245
44.41670498
37.09683960
39.01275491
42.93932015
37.97446891
41.67705611
44.38543909
38.16938505
35.48995344
36.92366773
37.18270479
41.36784611
50.12263078
36.89628995
37.88835536
37.54902173
38.16282884
51.53732495
39.62924134
44.54925058
43.23358682
45.20952627
39.45208339
38.75893290
39.47927163
36.50492344
39.01949202
39.89500019
39.23475800
50.44866448
39.95634250
36.75918222
50.00920936
38.22278671
39.27874109
48.08694758
38.96926710
40.83314865
44.28895270
38.82724658
43.55749302
36.85486216
44.04223695
38.00893271
38.75122320
39.48320565
48.95953719
37.23220180
46.44211754
42.62746103
48.25227540
35.91700629
39.56325667
41.94719060
38.39120882
38.86793164
40.64725898
36.45679943
47.25768519
39.66778266
41.00885109
44.61821415
42.91926813
37.28406581
38.86701035
43.03648975
36.84723007
39.77474265
37.27320024
41.24084465
38.09760963
44.27154402
36.89445629
37.65924388
38.35624542
40.42371900
39.07072295
40.64170006
43.41708671
51.39643713
36.93978705
49.36285402
37.47886623
42.22223712
49.39678933
40.07854402
42.25333319
43.78082373
46.55687736
37.30531347
44.76489625
37.32909170
40.20487222
45.29556918
38.47434665
37.70812438
38.43272569
42.69516743
39.39311973
44.30120407
40.21099730
42.38164329
40.71204213
37.31779070
37.57863882
54.78688768
43.03134297
38.92025529
38.95243522
39.22302564
39.49293376
37.47414109
36.27631308
34.92016137
44.19354971
40.52639107
46.68085272
41.61442301
37.16462847
38.05342169
47.84959687
37.67653664
42.59469093
36.53401265
36.95655541
45.06315066
36.22465247
37.76333719
41.72902455
35.73986163
45.33950260
39.74191965
39.43676377
36.53262212
44.24815463
41.70776669
45.72141530
40.51951006
39.15683528
39.66101204
41.03487760
37.45972968
51.94799456
42.40585826
39.67026374
37.59724180
34.97489680
38.22468435
40.39497838
37.56716259
36.30577130
39.78393676
39.71309999
50.16996761
38.01349221
40.07425665
42.23855401
45.22755210
38.48088618
36.41783609
36.83909961
42.99939518
39.03147539
45.12886635
40.09847978
36.88638639
38.66216295
42.59748241
39.32564139
37.61166534
40.19512229
38.49881760
35.89382494
41.31187677
41.60895594
52.77778950
36.01748027
39.33149673
37.89221751
37.40610045
38.54817137
56.50710882
43.37825957
39.26728095
53.70196162
41.42433160
42.79718272
38.14005917
38.16397611
38.58877389
37.79049759
41.29754622
49.00614936
38.01047100
41.48640643
37.40330599
48.47174560
35.02890747
43.70912831
36.86509086
38.12657401
38.30533731
35.80008817
37.40942795
38.42544869
36.09932333
43.17837432
42.19309319
48.51084281
41.34906193
42.51525041
35.50972742
38.62480735
38.01942003
38.45750067
39.12785182
37.64979275
37.50778241
36.92889648
37.13592178
45.52255311
39.70122139
39.03494834
40.01082261
42.17504648
41.19236867
41.33965768
38.78082720
40.57514682
39.09473177
39.14691587
41.52288162
43.12849611
44.90447529
43.67828927
42.92164670
42.75892289
45.11063262
39.37870574
37.02597762
42.75248773
37.20797062
39.71136165
41.09057198
39.57668811
38.99810780
38.55968576
37.68982429
40.59280874
35.41237547
37.90959519
41.13591284
40.90999039
41.86568201
50.12263078
38.04400397
40.30180244
37.61766584
39.78811134
46.44493561
36.09380935
45.24707152
45.06315066
43.92757501
38.82638180
39.36666402
44.10092987
42.96623565
39.73565422
38.85246116
46.71598105
47.21133651
42.05251309
40.80597626
36.98894009
38.27801739
37.82290720
39.50927128
41.61461214
47.67444052
56.51655790
39.08404536
37.22433085
36.67727756
38.51831250
51.50758704
39.54875955
38.48654148
38.76575712
37.99906739
39.97321432
45.13570275
39.91052208
40.28393949
41.69780996
38.59950343
39.13178567
37.22225584
42.25696082
36.63266381
36.21760242
38.55138660
37.43346802
45.26475764
36.92889648
41.60899531
40.39355481
40.99866141
42.73813419
36.26221585
38.82163297
40.20070470
39.70818269
38.31123489
43.28280435
36.51453775
39.34295685
39.40084969
39.34880314
37.00090484
39.97821630
42.47580387
44.95915427
37.52694263
39.31326329
38.35507510
42.59748241
43.99262906
42.24998430
50.65824964
42.82293624
39.46393929
37.30296205
39.98457924
41.88668213
42.54125286
39.65595511
38.62021342
40.20780239
37.87854925
44.36205586
39.45657633
38.32493107
35.88957475
38.35101815
39.53630882
44.98824074
42.72076340
44.13726518
46.95282676
40.50364789
43.58296059
42.14235682
38.93977016
45.27656993
36.50678105
37.18037802
39.45446410
39.51791607
37.10808027
43.88223733
41.74604936
40.47858943
40.48765330
39.43171246
42.18922732
43.67828927
43.44015877
39.93044444
37.82007131
37.73683254
39.96207118
39.70245474
46.27869469
42.59017109
42.52981108
47.98942667
45.21361332
41.06067350
35.83773784
39.80668408
38.37589496
40.04848742
40.33788094
42.08321962
49.40011145
43.16957827
36.31668547
48.52577742
37.23180268
38.02863972
48.53112300
39.78393676
45.07126197
41.29774965
45.35373308
41.75193896
38.69996378
41.55184806
38.57470680
39.61404635
41.24309188
36.62178874
41.38707139
37.35741079
39.73007872
38.70046482
48.69286345
43.00885826
40.18869307
43.11789629
39.18313337
42.75572363
38.93931392
44.08509518
36.88442363
38.35003862
47.45253338
42.48180969
44.44170080
40.14178014
42.62214714
39.80979617
51.27826366
37.49388728
42.30753082
37.32648978
36.76309481
39.63759360
36.58423452
45.40290544
42.79758269
39.98408345
37.90426706
38.37764570
36.46223800
43.74541828
43.96747794
40.93819162
39.05992369
52.96558629
36.54612415
37.30385341
42.18212954
38.05961468
35.79873322
38.77393467
38.98345260
50.63683194
49.55876955
44.13901504
41.45049117
41.03216973
68.24641981
40.09521595
39.35868498
46.66402599
40.23565485
44.12518376
44.24056372
40.69448058
45.25280566
44.80002874
41.86099207
36.49113474
35.96420944
37.12668053
55.98590997
38.95732517
46.20690026
38.96785380
41.54496438
47.30458599
38.37169634
40.63229913
48.30908403
49.35413284
37.71914176
36.43294089
46.32682999
38.33085588
39.49481496
38.40889007
39.03120642
38.85482820
38.18029037
43.22736605
40.24024154
39.42898089
47.27266512
38.03332560
40.50114643
37.44231253
49.50444286
38.33760529
40.32061635
40.18817747
41.22613774
48.85685645
37.13105349
36.55712820
42.93416934
42.26653088
53.13483760
39.32053769
40.13453238
40.72478552
41.95865868
36.25681513
47.41328703
42.86818609
42.71471484
39.25922168
44.04126742
45.81357317
38.84250559
43.48115561
44.92431397
42.44629989
42.84497056
38.63802315
36.28345903
41.72600808
42.87029837
41.47853116
39.23441966
42.68202442
39.71897233
42.33911782
37.66239635
42.29217544
37.42100540
36.44610962
37.10808027
40.70804466
37.45222219
39.25624121
39.31617905
41.65769778
37.84548165
41.77895170
37.30843441
38.96446628
37.47731359
41.38668705
38.87669283
36.34026996
40.37428524
41.68089517
38.92519159
40.37632340
41.61014316
51.57568679
41.50053553
41.46978392
42.82370111
44.43472862
42.74109267
38.73839277
37.54129403
42.86094359
42.21084424
37.45635695
46.95091000
44.97157155
35.63907663
48.71132560
37.25797779
46.87885624
40.19907642
40.70804466
39.00662270
50.34422663
44.97184842
38.17903164
40.28576521
42.00218956
37.67721212
41.92590295
39.97356225
38.03620657
43.96429447
40.80151630
41.67489689
41.90400299
36.63005736
40.73012323
37.26071522
47.71065718
52.02811649
40.68647353
45.23798334
39.01179555
46.83632501
44.62871772
39.72439225
37.33278366
53.64499498
43.35336025
38.10185568
41.97173407
39.56494037
37.85342356
39.71131372
41.58701551
40.58341285
39.63426409
40.69515996
36.38855956
41.20443091
45.25809828
38.58543844
36.46482093
42.97629028
43.55499127
39.63652322
48.13392115
45.97003313
41.53481740
48.57248689
38.77790896
38.18367508
47.81234735
37.19696888
40.33788094
38.93147622
39.93281830
35.79642456
40.69961091
39.27664383
36.36696387
41.27819053
42.64760765
37.14746030
42.77440402
43.14165453
40.59529686
38.21160324
39.49265184
41.52739988
39.30027206
41.86206732
42.98783080
39.69944570
40.55930577
44.71916661
42.26074360
39.75848590
39.61711845
39.46647305
37.20008541
39.08208730
40.30285317
46.17527598
39.20724105
37.56784932
39.28446799
39.59110490
37.87187717
41.27400635
40.55687080
37.02311095
43.27108900
40.90341683
46.79190275
38.85016882
42.49177977
42.96960237
43.45004217
42.87682000
37.70887193
36.02442462
42.00282356
41.07732647
40.64216945
39.87357096
39.47014960
37.16739820
35.83815489
44.37341868
39.33329015
37.50216303
43.48874216
43.78517632
38.35269648
45.27656568
44.27164059
45.07369840
40.52971117
40.75214700
39.48109182
45.14352659
37.00208263
37.31804636
38.56677394
39.37841906
39.00686437
39.57292427
48.63929602
40.42686358
43.34890180
38.92505751
38.46509527
39.41655546
43.60731325
37.10348537
43.39714132
37.32943634
39.38593194
40.35300040
46.12662698
36.45679943
48.09010049
40.88255986
44.34030990
36.53163350
44.88928086
43.65072279
38.02501600
40.18886045
38.96556649
37.68263657
36.62803686
39.87219554
39.99548093
39.30146979
53.13531467
46.57057990
51.15316345
38.99434647
40.44538336
44.16510363
37.76384434
45.20873747
44.44201128
44.64167115
39.04021938
40.84364198
47.84991212
43.99262906
37.95990831
39.88762788
42.12755248
35.79714329
39.51732673
39.66668896
42.74064019
38.39458086
43.21484766
41.55831948
41.43704605
41.91835582
36.04533095
41.05782201
39.79325140
44.39184967
40.83730449
36.59788697
41.29017763
37.45044771
39.91571480
36.67021058
41.27277205
45.17301113
45.57998882
39.34851546
36.72530463
42.94517408
39.30150632
38.68573688
41.21249368
54.56021308
35.94651560
42.31859558
38.82983159
39.77429882
40.20351887
40.09226959
39.23567703
48.18017942
35.87521578
46.70285317
43.80395172
39.84675997
51.16760121
43.01000621
43.35146633
38.93638413
38.67357009
41.08526042
37.90024647
36.27791345
35.98340304
38.18393461
48.17672660
37.33958491
38.03527812
47.92817772
38.19608376
39.66085640
37.45680991
40.38549641
41.93271157
36.64633557
46.74215448
35.97161190
38.77245117
52.14740331
37.41928990
42.74124319
40.72382524
39.40555875
40.52762387
39.39569261
46.37148908
36.61069350
39.35990010
42.20348772
47.06344581
40.59478857
39.29224972
46.76328038
38.74267128
45.56441354
41.46543295
39.69931213
39.76187533
39.76183922
37.14490376
35.49782020
35.81688195
36.02273862
41.50124018
37.90423490
43.08981610
39.52312436
35.76834515
37.36248164
37.17661143
45.20873747
38.75958951
42.47849837
39.10326627
37.40935106
40.23486915
37.41567438
39.14321771
37.44164597
36.15194468
44.36074859
42.87804480
45.22664996
45.11753085
40.30275175
37.23314107
36.79986078
37.19608271
38.13078903
38.68012073
41.31908491
46.19221560
41.88789343
48.61876849
42.70201838
36.86111428
44.21643193
38.25046007
38.98859126
55.07541459
39.11458436
40.93414605
44.91970358
39.67672197
37.18439980
39.94803805
38.22275494
44.85655621
40.58341285
46.63517014
37.38984986
45.64182050
39.44286773
37.64409920
38.65627763
38.25043225
36.82356667
40.48770174
43.08493460
38.27930679
41.63493818
39.18484186
42.98613300
40.88642126
40.68994773
41.56224896
37.78335023
38.74923878
47.18227848
38.52465016
38.78140983
38.82580534
48.46243302
43.80131163
46.18847778
48.78470518
38.62680154
41.02790136
42.72940896
39.02086053
40.82001852
44.07463884
41.78813649
46.70330973
45.57998882
42.72626598
41.83271474
41.78396606
49.45385254
37.92648466
42.83147830
39.48273511
35.88722967
36.24846414
38.04755891
39.84859932
35.18060755
46.53943575
38.46486250
49.97961920
38.01780901
41.48493261
42.96668359
52.67578580
39.08339156
41.65709430
38.78877318
44.96365060
44.91145412
38.56944480
46.63710614
44.87663838
39.27850561
40.25220308
37.82646522
45.71261668
38.28956216
37.18037802
38.80720401
43.42238435
41.66755277
40.32654183
37.60212046
39.48478099
42.66002112
38.83170142
44.39410083
44.69606107
44.10269863
42.72076340
41.27631099
52.32564912
36.70232116
38.79030692
39.41145935
43.28592950
37.23439501
40.19341414
38.60202261
41.14842881
38.99853955
45.56351455
40.77767092
42.38103739
36.62671523
40.81295439
35.94230751
42.10458675
42.18927964
45.81852872
36.82196051
37.03051264
41.02908322
42.78387904
42.10320884
37.35741079
46.21827177
36.25139565
38.85342850
40.34357998
38.38336824
39.34267031
38.81905732
45.10332237
51.25485399
38.13640503
36.60532691
39.79261962
41.12962247
36.59788697
43.28718729
46.90632080
50.20452713
47.28323276
39.68458432
47.68129567
45.70633689
36.91409077
36.34342843
39.62181101
37.47070196
42.77682341
40.22449214
47.84617822
46.76711235
37.34140937
39.06963157
38.33602327
44.51625271
42.79996708
39.42228720
38.56186379
41.53717899
36.43427802
36.90755790
51.63318234
40.88155515
51.12681305
41.98358274
41.67705611
36.85726287
40.19621367
37.81739763
48.42090627
38.87313840
36.68040733
39.92566413
37.93205575
43.17437258
40.56939057
40.18455075
39.31955082
42.38071647
47.47564527
37.94426625
36.16716724
37.58818137
40.49126238
38.24712775
50.97563838
38.33523243
38.98089061
38.98173556
37.86072340
39.57173280
38.37379314
40.43267884
40.67482000
39.81165538
41.31329018
43.49119294
36.98894009
42.47411262
42.74082341
40.18699954
37.84924166
39.47320457
41.32519162
45.91408278
39.39744687
43.68492394
37.38949860
36.42931665
40.58156054
41.42805316
42.00873775
45.23284853
37.62281295
43.36743300
39.74866518
42.17412368
40.10014281
39.37549607
39.93074907
40.29573352
38.29170689
41.82778096
42.29783748
36.71273818
40.44912637
36.82736411
43.37791394
43.02734672
40.37879490
48.84529985
38.33908756
37.36636521
42.07057380
45.15750276
39.30415241
39.68652899
37.53973740
46.38783985
40.55495663
44.43308206
39.59061340
37.40496060
39.00140805
47.91497934
41.65788404
41.09297612
42.06375360
36.53262212
43.20073188
40.36522705
43.89124919
42.12409931
37.57751915
39.37531235
39.22005789
48.07157436
45.07441547
35.02337227
48.84842452
50.85674752
40.90510164
37.17424845
42.04159274
43.56238273
39.35397991
41.47411470
39.87899027
38.32343218
37.30908024
40.53678443
43.50488370
35.82806741
38.44432645
41.58544840
38.07212283
40.73818811
37.75036406
41.05106176
40.72777717
37.31903970
43.41349804
47.26661097
42.49528920
44.54933093
41.45492037
39.09867428
37.50653106
43.97134830
46.08937804
42.50618125
37.24870470
39.76818104
38.79067943
41.47357603
37.26642896
44.05655306
42.17406224
39.17575404
35.32976344
38.04448647
43.95658459
42.95898390
39.14668552
48.27102955
36.63281939
41.32325784
40.43207583
35.76990849
41.37375046
47.86567404
40.63733848
44.21860483
35.78619640
39.14796926
37.25598781
39.56534111
39.04405288
44.30437986
40.52791283
41.24191661
36.83439642
47.18375459
39.66101204
42.48244402
38.53757629
41.85519853
56.52455376
36.28610488
47.17664467
37.22433085
36.50666375
40.33937393
46.03466823
38.72130456
42.23178241
39.19286336
41.34591400
38.39831560
37.23707534
39.20857493
37.98360258
41.93798590
41.86213480
37.43650421
38.49126739
45.67498435
37.57728682
45.84778817
38.23238558
36.04504927
36.79816118
37.00203365
36.65327638
38.13333153
39.94209851
37.97711497
41.08004301
40.87929559
39.51791607
37.32737029
51.35329273
42.31859558
41.64870465
38.00234835
39.16558199
35.63238738
38.53025609
37.92920044
40.46058668
38.37908957
37.90709308
46.00960986
40.16550063
49.95793647
40.46311600
36.82345900
42.59667100
42.86818609
44.98049078
41.72168137
44.80566153
41.64870465
37.21984954
39.40642229
42.43439518
44.21709474
42.37084223
39.27397297
40.91336320
37.42767174
38.24621491
38.80821541
39.86316005
36.85340090
37.24557151
37.44744136
47.74467120
38.61106729
39.03251402
49.88140536
40.11118072
41.02625610
43.79333356
44.62471908
37.95340332
42.53031949
35.58072548
38.79030692
41.47152236
37.53696629
35.73053184
50.44641948
39.73710019
52.87467553
41.87871002
38.14511759
38.08372818
36.58086303
37.82829462
42.29028223
38.49229290
37.70918058
37.50345088
39.08154028
43.99622076
36.40811678
36.73565151
47.26588973
38.35825630
37.66369014
43.50811843
39.91457498
37.99239737
47.55970364
41.80708500
40.29315439
41.14468162
40.49423146
41.94127789
36.80237358
45.71859529
48.75373048
51.15316345
37.02566286
37.01406877
37.81784643
40.13923744
39.31923114
41.52061544
41.86629936
41.47332442
37.87484922
41.57434712
42.59698913
36.77262772
40.08990315
39.23121084
39.70818269
49.64242344
42.29299816
37.91985878
37.66198798
39.40464004
42.90438143
40.69715260
37.34561048
40.87929559
37.56579699
39.08758230
42.73014222
37.40249687
38.39967430
38.56099313
36.55925228
37.87985953
42.11103811
38.55322619
39.04162344
41.61555511
38.65377439
36.85061055
44.94287348
46.88492983
44.51070125
37.21833848
40.15728793
47.20429028
47.61758192
43.87982797
39.65179333
43.33990427
45.98487570
39.82827815
36.25720006
37.97006767
40.52146257
37.82526205
38.59292898
39.76183922
37.32645704
39.42327548
44.26068336
40.81104294
40.38222705
36.85643967
41.59224780
38.40745770
45.77637905
39.69143409
38.32941726
39.34670886
42.78919712
50.15367131
39.47733709
37.14490376
48.66221849
37.44158302
37.29615659
38.54817137
41.23786569
42.74349996
46.32764156
41.28412032
38.59475778
45.21268532
39.13223249
38.11875536
36.90131074
41.91007406
38.51091243
39.62181101
36.68696455
38.27823091
43.17144630
39.96335031
43.31206246
43.84034186
42.12540757
41.25790180
39.64729631
42.72940896
39.55974608
48.12240104
45.27435479
36.74512533
37.56842924
47.43023247
36.15904850
42.87260997
38.65355544
37.02440855
37.69961164
39.29290532
36.67089335
36.32172363
41.55835679
42.77684681
41.63261392
42.21714071
41.33961997
39.15651623
53.53766320
52.64859441
40.06797355
41.93758229
40.98773639
43.15875545
40.06717317
40.49932160
44.36444441
43.48870388
41.58492271
45.72235066
43.63151706
38.19819305
43.66168683
51.92421524
44.60580514
38.66796403
46.04052895
37.66584317
43.40382321
41.35447826
42.85016181
43.17040028
46.55279023
42.51431354
44.95708722
41.48181336
45.33255074
45.45227414
40.47116440
41.37912931
37.59037617
38.09088505
41.99741882
37.29923568
39.21761174
39.91815020
38.48493665
38.31101336
38.08750642
37.69602124
55.31887480
41.38473274
39.96436603
38.94142121
48.79834028
37.92992813
42.76724516
43.67702195
35.58697128
39.71118568
38.43117013
39.62925388
49.85798747
50.40256921
42.87934542
36.42140530
40.61644159
36.77963044
38.12459163
41.93406093
40.01724128
37.66232335
50.83604091
45.57081353
40.29518281
38.65872541
37.22875066
38.34484640
40.52004525
47.06916951
38.88308885
38.87212874
38.66126789
38.01047100
42.47713322
41.57983704
40.75780832
44.44700101
44.10375859
40.76911381
39.61673458
42.51405776
42.31005311
37.38803263
40.69199178
38.86315237
45.99312052
45.72684593
43.88238369
39.66155230
35.62449393
43.17837432
40.32335260
51.50931158
44.88075347
40.20070470
41.87419245
37.21422783
43.30445859
41.88396903
41.48903347
39.08618429
38.89639506
45.34100012
39.18484186
38.91640069
40.67438648
48.63571535
40.12665848
38.65934499
38.62480735
40.78374188
39.32779502
38.78772643
39.39029787
40.74833902
39.12328868
43.02305563
41.61555511
37.26427628
38.54746419
41.70823425
41.84619287
37.68158369
49.23361366
41.80226305
43.12163404
39.58750255
38.92486462
39.59141784
40.49423146
37.13443499
47.84991212
39.34448342
40.80239291
44.72298917
46.25467904
40.64726933
36.49190287
44.75150535
36.87987265
40.36833205
41.02625610
45.85317135
45.92197099
39.19153339
43.72890776
39.55451628
38.27930032
42.22727982
45.66146210
40.47895406
41.04637793
37.63216576
46.18606646
40.71677826
37.92381257
38.68222483
46.68085272
36.52955724
39.36580604
37.53449516
39.23567703
38.83771081
44.94526299
39.34401532
40.15945500
43.27241488
50.36210810
39.45084510
47.57113737
38.20079271
36.16043703
37.45139777
41.94171830
38.63442273
40.69549261
44.85915975
38.01040605
42.07057380
42.72626598
36.45679943
41.16336425
37.68736014
42.33488958
38.00353738
45.79391089
44.04348455
47.30479960
36.50627198
38.76316973
40.82212352
37.16512693
37.84893230
38.89660646
39.90139069
38.62519777
39.36914616
40.83982359
46.83361684
39.37116623
35.85595180
42.29566802
44.37965522
37.97583339
51.48911631
42.37084223
49.93045555
41.74598821
40.12348209
36.31041336
36.57297763
43.36764755
45.89430708
39.31334567
35.82593968
44.60442134
36.90417191
39.50539881
40.48339531
38.89666119
44.95391611
37.55053975
44.35473625
52.30821061
40.24142148
39.47956887
46.07984423
44.88109394
41.98949258
44.41078594
42.81928983
39.32137665
44.50021246
45.68142594
42.96709341
42.22016646
52.65808460
40.80315177
52.35704888
44.65493430
38.60901524
37.33278366
40.36886283
46.73767748
36.24846414
40.77021536
38.75547982
44.30360573
46.69002772
35.89897936
46.33358113
39.59925197
38.58650246
40.34651766
40.58714898
41.89114702
48.57312798
44.56094909
41.21689706
40.67139205
39.38239877
41.82683639
40.01082261
38.31381818
40.33525185
39.63856930
43.73753713
38.22905231
40.66050712
42.50646235
36.00964761
37.87566048
41.98468122
38.43905709
40.95286834
41.07363855
36.40937104
36.86747040
36.40207617
36.41146850
43.29350483
43.40556825
39.06015084
37.62595396
43.37348502
47.09594948
37.13646573
42.08202745
41.72478470
41.40868903
41.33745138
39.96561968
38.01808657
40.74912740
45.40328469
43.23020940
44.80146702
39.61600866
43.21122093
43.35435729
44.25215426
44.35473625
39.87129834
37.91335148
37.49549078
48.84842452
59.56773861
37.92572060
38.67712575
39.97897582
36.75570903
37.41748167
39.99403822
48.23729138
40.44538336
43.18699688
46.91445420
38.54668686
36.61157512
38.76556074
40.88072787
36.16094234
38.94458438
60.85771230
39.22914747
39.91898385
44.98686934
44.63387693
39.87219554
47.16303651
38.67809665
40.08308866
41.17576362
38.65317638
40.64948261
36.61133995
40.28393949
41.53674827
38.61654797
40.44327092
46.90352418
50.04690876
41.15441059
38.83177119
40.24122708
48.21811782
38.04028207
37.81716970
36.64059657
41.79446432
43.20104838
40.38167943
38.88567342
43.93811534
43.86539919
37.16007657
38.25778753
46.19434016
49.33515144
43.39785910
41.81708518
38.79628037
44.24390772
37.51984705
40.69219676
40.13889787
43.35188645
45.06880657
43.46009353
47.41065834
37.06192297
41.72144365
44.96641682
38.50129826
43.57191350
47.04584861
45.93022060
45.05993911
36.97119716
41.82949488
37.48882536
39.91586688
44.94402044
39.06982756
40.28867342
40.80212656
36.41589338
39.85899493
41.33590682
42.81928983
36.55211806
38.42837871
36.66007951
46.91709189
37.25371895
37.45786384
41.63891208
42.32845461
42.52758000
45.17912939
36.62125334
41.64284820
39.91218731
38.76855167
39.73916568
37.20461538
40.77591261
39.82621462
38.16814588
36.91139945
46.82478942
40.47224325
41.05022857
45.08329840
40.90693802
39.55858457
44.62471908
36.01748027
44.05217822
36.60558171
42.83147830
44.50416746
48.83288462
37.28149992
37.36192947
49.01608423
37.35074389
38.99133544
42.28487995
39.74721126
36.87103915
40.43316981
38.17293605
43.88496468
41.56612614
39.71563282
36.99005315
38.15971259
43.15509802
38.57904493
51.72899735
39.14430573
38.54910844
36.78053265
47.05170956
42.73813419
42.84948872
35.96090114
37.35981904
48.72038023
40.41985617
39.12145049
37.31021501
39.43170503
47.79123702
41.04258374
38.26126402
43.20318611
41.00894241
40.65314761
40.60683436
37.83780073
41.47740975
52.49326360
37.66216067
40.00704600
38.02642013
36.87646653
40.69024175
38.24564321
38.19997314
48.27991365
39.93454912
38.80286258
42.19328800
41.24434766
43.37568128
39.30421957
40.75508254
36.87685847
47.25768519
38.47787834
38.01253212
43.43329214
36.03241000
41.31187677
41.73721062
35.79419647
44.28034017
38.11569059
43.50937436
42.05981957
39.45477783
46.45267419
40.85285676
43.45801488
46.07044749
40.88774107
39.48844491
49.10757008
42.54632503
37.78309350
45.18852590
43.68982075
38.32687322
49.68177752
44.30827998
41.10533108
36.91532219
37.02863947
38.80224234
36.01509773
43.67776518
38.44971376
40.45077513
37.40352459
41.82778096
37.72963907
46.90549439
40.93390243
43.69813366
41.04323957
38.53157337
39.79648729
41.47636900
42.48252392
41.25915386
40.10285178
38.46400544
36.44148079
43.43753046
36.85726646
44.39184967
36.83103967
37.50350724
38.87410616
40.55152865
46.17262676
38.62021342
38.29633100
36.58835498
36.99238838
38.66388372
37.70749282
42.96960237
38.52830068
41.64976495
41.09884354
40.45533467
38.29170689
42.13469029
37.21747819
41.88495384
43.92903200
53.68331865
50.46908721
40.30268837
39.87088935
44.45102805
38.11802845
41.92179511
40.24841105
43.83102693
42.07400558
43.32313932
41.13124755
39.80964345
38.53757629
38.03057273
52.22004980
42.31851183
38.06087436
41.44544841
39.22580554
40.35122355
37.07429483
37.90577993
39.72592372
44.37124904
45.39492451
44.36088003
44.72856847
42.66255877
43.62910164
53.78376033
36.11256744
36.74600365
51.78348628
40.91420358
37.90313325
42.40846092
41.07085391
41.64720260
41.09727089
36.67918851
40.21868925
39.97061832
35.91264742
39.72944002
47.51281708
54.98613664
48.09349728
41.17541612
39.79261962
38.47130490
39.09439914
40.34015750
36.58587607
37.92669199
42.54593910
43.06463402
43.51927175
40.96039581
41.71446533
42.50466214
43.44366295
40.38099325
40.23891146
41.17564781
37.26628177
35.97887398
39.22005789
36.03241000
37.66576099
39.22153427
38.52546885
43.81618777
45.58439171
43.12949214
36.92953193
45.91493475
40.01694560
41.48750991
45.28629054
37.84399852
42.49021518
37.88090442
37.00289554
42.59589800
38.68387982
39.24880422
39.42327548
43.72408489
40.84664028
50.23968057
40.87334127
42.14360178
37.51364018
43.57982526
37.33396724
50.15124647
44.13927678
36.93834649
40.02111934
38.22468435
36.69027364
48.57156481
44.73379893
41.87161962
43.99786633
39.38668962
40.34949023
37.00004632
37.24664615
37.01277692
40.06138040
36.91532095
44.52114350
37.78740594
37.50595674
43.83605542
56.36161834
42.49528920
38.82706138
43.76267317
40.76697862
38.29365800
37.02679967
39.16952096
36.86111428
38.27130100
40.26660545
39.51329419
43.55175464
36.99086974
37.65941100
43.22274719
43.12205122
43.34339884
38.39608457
52.52456709
45.22038110
41.23894077
41.96533039
38.49785924
46.85937249
43.70059188
38.94616175
41.66186839
41.70295934
47.00267490
39.23166774
37.81389531
39.37870574
37.33379786
41.54152685
39.83546533
39.19287617
37.54395892
48.61244997
41.28375715
39.37549607
43.96960722
37.71519928
39.68682656
40.63332142
40.62179096
39.99633283
38.04236452
38.36108696
41.18034216
37.41057788
45.40887333
40.77055579
41.63962028
38.92704220
35.78144832
48.88290798
45.00456653
46.80109991
37.99088752
40.01724128
37.15442339
38.60527846
46.50982790
44.73756856
41.40493344
36.95652777
48.71481948
43.50847570
36.87311681
39.04588736
45.33979174
40.52146257
46.26905298
58.72614015
41.75080680
47.17432584
40.94652435
46.28210928
37.78465877
38.93983228
44.30898260
49.09831592
37.52091987
38.62796835
40.59825641
41.82247210
39.45019127
40.90138372
39.60153285
46.94102278
35.11322593
41.12268958
36.59485476
41.64394727
38.20178738
50.80311194
39.89316539
35.05441651
45.27657084
50.08307151
47.62762120
42.57986322
42.77771131
39.24880422
40.94376480
39.70470412
39.85962175
36.75120246
46.46184592
42.29931144
42.55036620
39.65322498
51.32040901
41.80183159
38.56677394
37.43555167
38.64827825
58.35135924
47.76862800
46.11148667
43.85164324
36.57150219
43.16863126
39.68652899
45.35509657
38.04931026
42.07643743
45.17214559
48.00299666
43.49600771
42.91710890
36.37405385
39.34244199
41.27819053
44.59889195
45.28847872
39.77797385
41.13105942
37.19805274
37.32076204
44.60580514
48.54732551
37.06199192
40.36273365
39.23049665
40.85261690
38.24445047
43.21296135
38.30533731
35.88722967
38.18133719
47.59554112
46.33974870
40.73484659
40.80192323
39.63884341
42.06812772
36.12020119
38.75392607
41.05438861
39.52048709
37.30843441
41.62163459
47.19009242
44.69495284
38.96222070
38.27758048
39.47141343
49.27378007
42.65091660
41.55518090
43.79628826
40.94333190
42.88152060
42.47365970
36.49739792
36.79783533
40.79478982
41.10836088
40.10172081
35.73199088
46.55224078
42.19309319
38.35288613
37.57222322
37.40785290
41.20290522
42.50592658
51.20737747
52.63972799
50.91574026
41.08567606
45.11996772
